x,u,t
0.000000e+00,0.000000e+00,0.000000e+00
5.860783e-06,1.538898e-04,5.000000e-02
4.660995e-05,6.038236e-04,1.000000e-01
1.569042e-04,1.330322e-03,1.500000e-01
3.706841e-04,2.311942e-03,2.000000e-01
7.207923e-04,3.525586e-03,2.500000e-01
1.238965e-03,4.946523e-03,3.000000e-01
1.955852e-03,6.548641e-03,3.500000e-01
2.901089e-03,8.304344e-03,4.000000e-01
4.102650e-03,1.018530e-02,4.500000e-01
5.586744e-03,1.216261e-02,5.000000e-01
7.377766e-03,1.420695e-02,5.500000e-01
9.498432e-03,1.628865e-02,6.000000e-01
1.197000e-02,1.837727e-02,6.500000e-01
1.481153e-02,2.044292e-02,7.000000e-01
1.803979e-02,2.245638e-02,7.500000e-01
2.166928e-02,2.438914e-02,8.000000e-01
2.571219e-02,2.621359e-02,8.500000e-01
3.017863e-02,2.790335e-02,9.000000e-01
3.507719e-02,2.943126e-02,9.500000e-01
4.041410e-02,3.077184e-02,1.000000e+00
4.619324e-02,3.190157e-02,1.050000e+00
5.241610e-02,3.279895e-02,1.100000e+00
5.908175e-02,3.344447e-02,1.150000e+00
6.618689e-02,3.382062e-02,1.200000e+00
7.372595e-02,3.391197e-02,1.250000e+00
8.169239e-02,3.370528e-02,1.300000e+00
9.007719e-02,3.318736e-02,1.350000e+00
9.886934e-02,3.234707e-02,1.400000e+00
1.080562e-01,3.117590e-02,1.450000e+00
1.176236e-01,2.966798e-02,1.500000e+00
1.275557e-01,2.782001e-02,1.550000e+00
1.378350e-01,2.563133e-02,1.600000e+00
1.484425e-01,2.310387e-02,1.650000e+00
1.593575e-01,2.024221e-02,1.700000e+00
1.705583e-01,1.705325e-02,1.750000e+00
1.820252e-01,1.354354e-02,1.800000e+00
1.937338e-01,9.722398e-03,1.850000e+00
2.056586e-01,5.601400e-03,1.900000e+00
2.177742e-01,1.193797e-03,1.950000e+00
2.300552e-01,-3.485474e-03,2.000000e+00
2.424760e-01,-8.419794e-03,2.050000e+00
2.550115e-01,-1.359086e-02,2.100000e+00
2.676364e-01,-1.897867e-02,2.150000e+00
2.803254e-01,-2.456157e-02,2.200000e+00
2.930534e-01,-3.031619e-02,2.250000e+00
3.057954e-01,-3.621749e-02,2.300000e+00
3.185282e-01,-4.224135e-02,2.350000e+00
3.312336e-01,-4.836975e-02,2.400000e+00
3.438841e-01,-5.457422e-02,2.450000e+00
3.564530e-01,-6.082573e-02,2.500000e+00
3.689152e-01,-6.709595e-02,2.550000e+00
3.812474e-01,-7.335725e-02,2.600000e+00
3.934282e-01,-7.958270e-02,2.650000e+00
4.054376e-01,-8.574608e-02,2.700000e+00
4.172576e-01,-9.182185e-02,2.750000e+00
4.288720e-01,-9.778517e-02,2.800000e+00
4.402662e-01,-1.036119e-01,2.850000e+00
4.514273e-01,-1.092787e-01,2.900000e+00
4.623442e-01,-1.147627e-01,2.950000e+00
4.730077e-01,-1.200419e-01,3.000000e+00
4.834102e-01,-1.250950e-01,3.050000e+00
4.935447e-01,-1.299057e-01,3.100000e+00
5.034011e-01,-1.344608e-01,3.150000e+00
5.129705e-01,-1.387383e-01,3.200000e+00
5.222457e-01,-1.427184e-01,3.250000e+00
5.312210e-01,-1.463836e-01,3.300000e+00
5.398923e-01,-1.497187e-01,3.350000e+00
5.482571e-01,-1.527114e-01,3.400000e+00
5.563147e-01,-1.553512e-01,3.450000e+00
5.640658e-01,-1.576305e-01,3.500000e+00
5.715127e-01,-1.595440e-01,3.550000e+00
5.786596e-01,-1.610887e-01,3.600000e+00
5.855120e-01,-1.622642e-01,3.650000e+00
5.920770e-01,-1.630725e-01,3.700000e+00
5.983637e-01,-1.635178e-01,3.750000e+00
6.043822e-01,-1.636069e-01,3.800000e+00
6.101357e-01,-1.633418e-01,3.850000e+00
6.156280e-01,-1.627236e-01,3.900000e+00
6.208682e-01,-1.617583e-01,3.950000e+00
6.258651e-01,-1.604533e-01,4.000000e+00
6.306278e-01,-1.588174e-01,4.050000e+00
6.351657e-01,-1.568608e-01,4.100000e+00
6.394878e-01,-1.545952e-01,4.150000e+00
6.436037e-01,-1.520337e-01,4.200000e+00
6.475226e-01,-1.491909e-01,4.250000e+00
6.512541e-01,-1.460827e-01,4.300000e+00
6.548079e-01,-1.427265e-01,4.350000e+00
6.581934e-01,-1.391413e-01,4.400000e+00
6.614206e-01,-1.353472e-01,4.450000e+00
6.644967e-01,-1.313609e-01,4.500000e+00
6.674283e-01,-1.271967e-01,4.550000e+00
6.702246e-01,-1.228747e-01,4.600000e+00
6.728942e-01,-1.184145e-01,4.650000e+00
6.754445e-01,-1.138357e-01,4.700000e+00
6.778824e-01,-1.091571e-01,4.750000e+00
6.802136e-01,-1.043974e-01,4.800000e+00
6.824431e-01,-9.957514e-02,4.850000e+00
6.845752e-01,-9.470818e-02,4.900000e+00
6.866130e-01,-8.981423e-02,4.950000e+00
6.885591e-01,-8.491063e-02,5.000000e+00
6.904149e-01,-8.001438e-02,5.050000e+00
6.921812e-01,-7.514212e-02,5.100000e+00
6.938583e-01,-7.030922e-02,5.150000e+00
6.954477e-01,-6.552908e-02,5.200000e+00
6.969491e-01,-6.081657e-02,5.250000e+00
6.983616e-01,-5.618549e-02,5.300000e+00
6.996833e-01,-5.164836e-02,5.350000e+00
7.009121e-01,-4.721649e-02,5.400000e+00
7.020449e-01,-4.289991e-02,5.450000e+00
7.030779e-01,-3.870744e-02,5.500000e+00
7.040069e-01,-3.464665e-02,5.550000e+00
7.048267e-01,-3.072386e-02,5.600000e+00
7.055316e-01,-2.694416e-02,5.650000e+00
7.061158e-01,-2.331177e-02,5.700000e+00
7.065744e-01,-1.983117e-02,5.750000e+00
7.069008e-01,-1.650519e-02,5.800000e+00
7.070880e-01,-1.333560e-02,5.850000e+00
7.071291e-01,-1.032313e-02,5.900000e+00
7.070172e-01,-7.467486e-03,5.950000e+00
7.067453e-01,-4.767326e-03,6.000000e+00
7.063065e-01,-2.220292e-03,6.050000e+00
7.056937e-01,1.770086e-04,6.100000e+00
7.049000e-01,2.428998e-03,6.150000e+00
7.039182e-01,4.541131e-03,6.200000e+00
7.027418e-01,6.519134e-03,6.250000e+00
7.013652e-01,8.367656e-03,6.300000e+00
6.997811e-01,1.009415e-02,6.350000e+00
6.979828e-01,1.170650e-02,6.400000e+00
6.959640e-01,1.321278e-02,6.450000e+00
6.937193e-01,1.462123e-02,6.500000e+00
6.912436e-01,1.594032e-02,6.550000e+00
6.885327e-01,1.717866e-02,6.600000e+00
6.855829e-01,1.834508e-02,6.650000e+00
6.823912e-01,1.944857e-02,6.700000e+00
6.789549e-01,2.049833e-02,6.750000e+00
6.752724e-01,2.150373e-02,6.800000e+00
6.713429e-01,2.247184e-02,6.850000e+00
6.671650e-01,2.341125e-02,6.900000e+00
6.627373e-01,2.433252e-02,6.950000e+00
6.580591e-01,2.524552e-02,7.000000e+00
6.531306e-01,2.615939e-02,7.050000e+00
6.479526e-01,2.708255e-02,7.100000e+00
6.425271e-01,2.802272e-02,7.150000e+00
6.368567e-01,2.898690e-02,7.200000e+00
6.309448e-01,2.998138e-02,7.250000e+00
6.247957e-01,3.101172e-02,7.300000e+00
6.184146e-01,3.208278e-02,7.350000e+00
6.118074e-01,3.319871e-02,7.400000e+00
6.049809e-01,3.436294e-02,7.450000e+00
5.979421e-01,3.557791e-02,7.500000e+00
5.906960e-01,3.684572e-02,7.550000e+00
5.832496e-01,3.817029e-02,7.600000e+00
5.756105e-01,3.955485e-02,7.650000e+00
5.677864e-01,4.100171e-02,7.700000e+00
5.597856e-01,4.251230e-02,7.750000e+00
5.516166e-01,4.408711e-02,7.800000e+00
5.432882e-01,4.572574e-02,7.850000e+00
5.348097e-01,4.742689e-02,7.900000e+00
5.261905e-01,4.918835e-02,7.950000e+00
5.174404e-01,5.100698e-02,8.000000e+00
5.085698e-01,5.287875e-02,8.050000e+00
4.995890e-01,5.479875e-02,8.100000e+00
4.905088e-01,5.676111e-02,8.150000e+00
4.813405e-01,5.875910e-02,8.200000e+00
4.720936e-01,6.078709e-02,8.250000e+00
4.627749e-01,6.284307e-02,8.300000e+00
4.533952e-01,6.492110e-02,8.350000e+00
4.439656e-01,6.701488e-02,8.400000e+00
4.344963e-01,6.911800e-02,8.450000e+00
4.249974e-01,7.122390e-02,8.500000e+00
4.154784e-01,7.332594e-02,8.550000e+00
4.059485e-01,7.541731e-02,8.600000e+00
3.964162e-01,7.749113e-02,8.650000e+00
3.868899e-01,7.954034e-02,8.700000e+00
3.773774e-01,8.155781e-02,8.750000e+00
3.678861e-01,8.353626e-02,8.800000e+00
3.584230e-01,8.546829e-02,8.850000e+00
3.489946e-01,8.734637e-02,8.900000e+00
3.396071e-01,8.916287e-02,8.950000e+00
3.302660e-01,9.091002e-02,9.000000e+00
3.209744e-01,9.258587e-02,9.050000e+00
3.117362e-01,9.418795e-02,9.100000e+00
3.025580e-01,9.570838e-02,9.150000e+00
2.934460e-01,9.714000e-02,9.200000e+00
2.844053e-01,9.847634e-02,9.250000e+00
2.754406e-01,9.971160e-02,9.300000e+00
2.665561e-01,1.008407e-01,9.350000e+00
2.577552e-01,1.018593e-01,9.400000e+00
2.490406e-01,1.027635e-01,9.450000e+00
2.404146e-01,1.035506e-01,9.500000e+00
2.318786e-01,1.042180e-01,9.550000e+00
2.234335e-01,1.047642e-01,9.600000e+00
2.150797e-01,1.051883e-01,9.650000e+00
2.068166e-01,1.054899e-01,9.700000e+00
1.986433e-01,1.056696e-01,9.750000e+00
1.905582e-01,1.057286e-01,9.800000e+00
1.825589e-01,1.056685e-01,9.850000e+00
1.746425e-01,1.054921e-01,9.900000e+00
1.668055e-01,1.052024e-01,9.950000e+00
1.590470e-01,1.048023e-01,1.000000e+01
1.513710e-01,1.042925e-01,1.005000e+01
1.437755e-01,1.036753e-01,1.010000e+01
1.362587e-01,1.029536e-01,1.015000e+01
1.288185e-01,1.021305e-01,1.020000e+01
1.214531e-01,1.012096e-01,1.025000e+01
1.141603e-01,1.001948e-01,1.030000e+01
1.069384e-01,9.909018e-02,1.035000e+01
9.978524e-02,9.790055e-02,1.040000e+01
9.269897e-02,9.663085e-02,1.045000e+01
8.567765e-02,9.528644e-02,1.050000e+01
7.871932e-02,9.387306e-02,1.055000e+01
7.182207e-02,9.239680e-02,1.060000e+01
6.498398e-02,9.086413e-02,1.065000e+01
5.820313e-02,8.928188e-02,1.070000e+01
5.147762e-02,8.765723e-02,1.075000e+01
4.480554e-02,8.599777e-02,1.080000e+01
3.818541e-02,8.431061e-02,1.085000e+01
3.161872e-02,8.259664e-02,1.090000e+01
2.510458e-02,8.086129e-02,1.095000e+01
1.864160e-02,7.911121e-02,1.100000e+01
1.222864e-02,7.735272e-02,1.105000e+01
5.864900e-03,7.559179e-02,1.110000e+01
-4.501695e-04,7.383404e-02,1.115000e+01
-6.716812e-03,7.208474e-02,1.120000e+01
-1.293498e-02,7.034884e-02,1.125000e+01
-1.910435e-02,6.863092e-02,1.130000e+01
-2.522430e-02,6.693524e-02,1.135000e+01
-3.129391e-02,6.526568e-02,1.140000e+01
-3.731199e-02,6.362580e-02,1.145000e+01
-4.327704e-02,6.201883e-02,1.150000e+01
-4.918730e-02,6.044762e-02,1.155000e+01
-5.504069e-02,5.891469e-02,1.160000e+01
-6.083485e-02,5.742224e-02,1.165000e+01
-6.656714e-02,5.597209e-02,1.170000e+01
-7.223478e-02,5.456569e-02,1.175000e+01
-7.783771e-02,5.320393e-02,1.180000e+01
-8.337427e-02,5.188814e-02,1.185000e+01
-8.884174e-02,5.061962e-02,1.190000e+01
-9.423745e-02,4.939928e-02,1.195000e+01
-9.955876e-02,4.822770e-02,1.200000e+01
-1.048031e-01,4.710511e-02,1.205000e+01
-1.099678e-01,4.603138e-02,1.210000e+01
-1.150505e-01,4.500603e-02,1.215000e+01
-1.200485e-01,4.402823e-02,1.220000e+01
-1.249595e-01,4.309680e-02,1.225000e+01
-1.297811e-01,4.221021e-02,1.230000e+01
-1.345108e-01,4.136657e-02,1.235000e+01
-1.391463e-01,4.056364e-02,1.240000e+01
-1.436853e-01,3.979885e-02,1.245000e+01
-1.481256e-01,3.906925e-02,1.250000e+01
-1.524648e-01,3.837156e-02,1.255000e+01
-1.567008e-01,3.770213e-02,1.260000e+01
-1.608317e-01,3.705728e-02,1.265000e+01
-1.648590e-01,3.643869e-02,1.270000e+01
-1.687814e-01,3.584458e-02,1.275000e+01
-1.725963e-01,3.527103e-02,1.280000e+01
-1.763013e-01,3.471432e-02,1.285000e+01
-1.798944e-01,3.417090e-02,1.290000e+01
-1.833739e-01,3.363742e-02,1.295000e+01
-1.867386e-01,3.311069e-02,1.300000e+01
-1.899875e-01,3.258769e-02,1.305000e+01
-1.931200e-01,3.206562e-02,1.310000e+01
-1.961357e-01,3.154181e-02,1.315000e+01
-1.990349e-01,3.101381e-02,1.320000e+01
-2.018178e-01,3.047934e-02,1.325000e+01
-2.044852e-01,2.993628e-02,1.330000e+01
-2.070382e-01,2.938271e-02,1.335000e+01
-2.094782e-01,2.881689e-02,1.340000e+01
-2.118071e-01,2.823725e-02,1.345000e+01
-2.140268e-01,2.764241e-02,1.350000e+01
-2.161400e-01,2.703116e-02,1.355000e+01
-2.181494e-01,2.640247e-02,1.360000e+01
-2.200569e-01,2.575627e-02,1.365000e+01
-2.218623e-01,2.509300e-02,1.370000e+01
-2.235670e-01,2.441117e-02,1.375000e+01
-2.251730e-01,2.370952e-02,1.380000e+01
-2.266821e-01,2.298711e-02,1.385000e+01
-2.280964e-01,2.224334e-02,1.390000e+01
-2.294181e-01,2.147790e-02,1.395000e+01
-2.306494e-01,2.069083e-02,1.400000e+01
-2.317929e-01,1.988245e-02,1.405000e+01
-2.328511e-01,1.905344e-02,1.410000e+01
-2.338267e-01,1.820477e-02,1.415000e+01
-2.347225e-01,1.733775e-02,1.420000e+01
-2.355415e-01,1.645400e-02,1.425000e+01
-2.362867e-01,1.555544e-02,1.430000e+01
-2.369614e-01,1.464435e-02,1.435000e+01
-2.375688e-01,1.372329e-02,1.440000e+01
-2.381125e-01,1.279517e-02,1.445000e+01
-2.385946e-01,1.186132e-02,1.450000e+01
-2.390164e-01,1.092194e-02,1.455000e+01
-2.393807e-01,9.978943e-03,1.460000e+01
-2.396901e-01,9.034288e-03,1.465000e+01
-2.399470e-01,8.089944e-03,1.470000e+01
-2.401538e-01,7.147907e-03,1.475000e+01
-2.403128e-01,6.210199e-03,1.480000e+01
-2.404261e-01,5.278867e-03,1.485000e+01
-2.404958e-01,4.355983e-03,1.490000e+01
-2.405237e-01,3.443641e-03,1.495000e+01
-2.405118e-01,2.543962e-03,1.500000e+01
-2.404617e-01,1.659092e-03,1.505000e+01
-2.403751e-01,7.911993e-04,1.510000e+01
-2.402533e-01,-5.756007e-05,1.515000e+01
-2.400977e-01,-8.858753e-04,1.520000e+01
-2.399096e-01,-1.692224e-03,1.525000e+01
-2.396901e-01,-2.474934e-03,1.530000e+01
-2.394401e-01,-3.232476e-03,1.535000e+01
-2.391608e-01,-3.963465e-03,1.540000e+01
-2.388527e-01,-4.666663e-03,1.545000e+01
-2.385166e-01,-5.340974e-03,1.550000e+01
-2.381530e-01,-5.985450e-03,1.555000e+01
-2.377623e-01,-6.599284e-03,1.560000e+01
-2.373448e-01,-7.181816e-03,1.565000e+01
-2.369006e-01,-7.732530e-03,1.570000e+01
-2.364298e-01,-8.251054e-03,1.575000e+01
-2.359323e-01,-8.737163e-03,1.580000e+01
-2.354080e-01,-9.190736e-03,1.585000e+01
-2.348573e-01,-9.611700e-03,1.590000e+01
-2.342797e-01,-1.000027e-02,1.595000e+01
-2.336748e-01,-1.035679e-02,1.600000e+01
-2.330421e-01,-1.068171e-02,1.605000e+01
-2.323810e-01,-1.097562e-02,1.610000e+01
-2.316910e-01,-1.123918e-02,1.615000e+01
-2.309718e-01,-1.147321e-02,1.620000e+01
-2.302227e-01,-1.167861e-02,1.625000e+01
-2.294433e-01,-1.185640e-02,1.630000e+01
-2.286331e-01,-1.200774e-02,1.635000e+01
-2.277915e-01,-1.213386e-02,1.640000e+01
-2.269181e-01,-1.223614e-02,1.645000e+01
-2.260125e-01,-1.231605e-02,1.650000e+01
-2.250740e-01,-1.237520e-02,1.655000e+01
-2.241023e-01,-1.241527e-02,1.660000e+01
-2.230970e-01,-1.243769e-02,1.665000e+01
-2.220584e-01,-1.244288e-02,1.670000e+01
-2.209858e-01,-1.243284e-02,1.675000e+01
-2.198785e-01,-1.240966e-02,1.680000e+01
-2.187357e-01,-1.237533e-02,1.685000e+01
-2.175569e-01,-1.233176e-02,1.690000e+01
-2.163418e-01,-1.228076e-02,1.695000e+01
-2.150901e-01,-1.222410e-02,1.700000e+01
-2.138016e-01,-1.216341e-02,1.705000e+01
-2.124764e-01,-1.210028e-02,1.710000e+01
-2.111145e-01,-1.203620e-02,1.715000e+01
-2.097162e-01,-1.197256e-02,1.720000e+01
-2.082819e-01,-1.191071e-02,1.725000e+01
-2.068120e-01,-1.185186e-02,1.730000e+01
-2.053071e-01,-1.179718e-02,1.735000e+01
-2.037681e-01,-1.174774e-02,1.740000e+01
-2.021956e-01,-1.170452e-02,1.745000e+01
-2.005906e-01,-1.166830e-02,1.750000e+01
-1.989532e-01,-1.163963e-02,1.755000e+01
-1.972838e-01,-1.161979e-02,1.760000e+01
-1.955831e-01,-1.160995e-02,1.765000e+01
-1.938517e-01,-1.161110e-02,1.770000e+01
-1.920903e-01,-1.162407e-02,1.775000e+01
-1.902999e-01,-1.164956e-02,1.780000e+01
-1.884812e-01,-1.168805e-02,1.785000e+01
-1.866353e-01,-1.173989e-02,1.790000e+01
-1.847632e-01,-1.180527e-02,1.795000e+01
-1.828661e-01,-1.188419e-02,1.800000e+01
-1.809451e-01,-1.197649e-02,1.805000e+01
-1.790015e-01,-1.208187e-02,1.810000e+01
-1.770367e-01,-1.219984e-02,1.815000e+01
-1.750521e-01,-1.232975e-02,1.820000e+01
-1.730492e-01,-1.247079e-02,1.825000e+01
-1.710291e-01,-1.262243e-02,1.830000e+01
-1.689925e-01,-1.278475e-02,1.835000e+01
-1.669405e-01,-1.295727e-02,1.840000e+01
-1.648745e-01,-1.313945e-02,1.845000e+01
-1.627957e-01,-1.333069e-02,1.850000e+01
-1.607053e-01,-1.353034e-02,1.855000e+01
-1.586044e-01,-1.373767e-02,1.860000e+01
-1.564942e-01,-1.395190e-02,1.865000e+01
-1.543758e-01,-1.417218e-02,1.870000e+01
-1.522503e-01,-1.439760e-02,1.875000e+01
-1.501186e-01,-1.462720e-02,1.880000e+01
-1.479817e-01,-1.485995e-02,1.885000e+01
-1.458407e-01,-1.509476e-02,1.890000e+01
-1.436964e-01,-1.533047e-02,1.895000e+01
-1.415497e-01,-1.556589e-02,1.900000e+01
-1.394015e-01,-1.579973e-02,1.905000e+01
-1.372523e-01,-1.603138e-02,1.910000e+01
-1.351024e-01,-1.626060e-02,1.915000e+01
-1.329527e-01,-1.648630e-02,1.920000e+01
-1.308039e-01,-1.670746e-02,1.925000e+01
-1.286569e-01,-1.692313e-02,1.930000e+01
-1.265121e-01,-1.713240e-02,1.935000e+01
-1.243703e-01,-1.733447e-02,1.940000e+01
-1.222317e-01,-1.752857e-02,1.945000e+01
-1.200970e-01,-1.771401e-02,1.950000e+01
-1.179664e-01,-1.789018e-02,1.955000e+01
-1.158401e-01,-1.805651e-02,1.960000e+01
-1.137185e-01,-1.821252e-02,1.965000e+01
-1.116015e-01,-1.835778e-02,1.970000e+01
-1.094893e-01,-1.849195e-02,1.975000e+01
-1.073819e-01,-1.861473e-02,1.980000e+01
-1.052790e-01,-1.872591e-02,1.985000e+01
-1.031807e-01,-1.882533e-02,1.990000e+01
-1.010866e-01,-1.891291e-02,1.995000e+01
-9.899634e-02,-1.898862e-02,2.000000e+01
-9.690987e-02,-1.905267e-02,2.005000e+01
-9.482750e-02,-1.910554e-02,2.010000e+01
-9.274910e-02,-1.914718e-02,2.015000e+01
-9.067454e-02,-1.917759e-02,2.020000e+01
-8.860367e-02,-1.919680e-02,2.025000e+01
-8.653634e-02,-1.920493e-02,2.030000e+01
-8.447242e-02,-1.920215e-02,2.035000e+01
-8.241175e-02,-1.918868e-02,2.040000e+01
-8.035418e-02,-1.916481e-02,2.045000e+01
-7.829957e-02,-1.913090e-02,2.050000e+01
-7.624776e-02,-1.908736e-02,2.055000e+01
-7.419861e-02,-1.903465e-02,2.060000e+01
-7.215197e-02,-1.897331e-02,2.065000e+01
-7.010769e-02,-1.890393e-02,2.070000e+01
-6.806561e-02,-1.882717e-02,2.075000e+01
-6.602559e-02,-1.874374e-02,2.080000e+01
-6.398747e-02,-1.865441e-02,2.085000e+01
-6.195110e-02,-1.856002e-02,2.090000e+01
-5.991632e-02,-1.846147e-02,2.095000e+01
-5.788299e-02,-1.835971e-02,2.100000e+01
-5.585094e-02,-1.825576e-02,2.105000e+01
-5.382009e-02,-1.815057e-02,2.110000e+01
-5.179116e-02,-1.804348e-02,2.115000e+01
-4.976443e-02,-1.793478e-02,2.120000e+01
-4.773998e-02,-1.782520e-02,2.125000e+01
-4.571795e-02,-1.771543e-02,2.130000e+01
-4.369849e-02,-1.760609e-02,2.135000e+01
-4.168181e-02,-1.749776e-02,2.140000e+01
-3.966816e-02,-1.739096e-02,2.145000e+01
-3.765780e-02,-1.728616e-02,2.150000e+01
-3.565106e-02,-1.718378e-02,2.155000e+01
-3.364831e-02,-1.708419e-02,2.160000e+01
-3.164994e-02,-1.698770e-02,2.165000e+01
-2.965639e-02,-1.689457e-02,2.170000e+01
-2.766814e-02,-1.680503e-02,2.175000e+01
-2.568570e-02,-1.671922e-02,2.180000e+01
-2.370964e-02,-1.663726e-02,2.185000e+01
-2.174056e-02,-1.655920e-02,2.190000e+01
-1.977908e-02,-1.648504e-02,2.195000e+01
-1.782588e-02,-1.641474e-02,2.200000e+01
-1.588168e-02,-1.634819e-02,2.205000e+01
-1.394723e-02,-1.628525e-02,2.210000e+01
-1.202295e-02,-1.622574e-02,2.215000e+01
-1.010851e-02,-1.616963e-02,2.220000e+01
-8.204755e-03,-1.611683e-02,2.225000e+01
-6.312565e-03,-1.606720e-02,2.230000e+01
-4.432793e-03,-1.602059e-02,2.235000e+01
-2.566255e-03,-1.597682e-02,2.240000e+01
-7.137374e-04,-1.593566e-02,2.245000e+01
1.124010e-03,-1.589688e-02,2.250000e+01
2.946270e-03,-1.586018e-02,2.255000e+01
4.752358e-03,-1.582527e-02,2.260000e+01
6.541625e-03,-1.579180e-02,2.265000e+01
8.313452e-03,-1.575940e-02,2.270000e+01
1.006726e-02,-1.572767e-02,2.275000e+01
1.180249e-02,-1.569618e-02,2.280000e+01
1.351863e-02,-1.566446e-02,2.285000e+01
1.521521e-02,-1.563203e-02,2.290000e+01
1.689176e-02,-1.559835e-02,2.295000e+01
1.854787e-02,-1.556289e-02,2.300000e+01
2.018316e-02,-1.552504e-02,2.305000e+01
2.179729e-02,-1.548420e-02,2.310000e+01
2.338992e-02,-1.543972e-02,2.315000e+01
2.496080e-02,-1.539093e-02,2.320000e+01
2.650965e-02,-1.533711e-02,2.325000e+01
2.803631e-02,-1.527766e-02,2.330000e+01
2.954091e-02,-1.521382e-02,2.335000e+01
3.102311e-02,-1.514561e-02,2.340000e+01
3.248245e-02,-1.507246e-02,2.345000e+01
3.391853e-02,-1.499386e-02,2.350000e+01
3.533100e-02,-1.490934e-02,2.355000e+01
3.671957e-02,-1.481853e-02,2.360000e+01
3.808399e-02,-1.472108e-02,2.365000e+01
3.942409e-02,-1.461672e-02,2.370000e+01
4.073975e-02,-1.450525e-02,2.375000e+01
4.203090e-02,-1.438651e-02,2.380000e+01
4.329753e-02,-1.426042e-02,2.385000e+01
4.453968e-02,-1.412695e-02,2.390000e+01
4.575747e-02,-1.398612e-02,2.395000e+01
4.695104e-02,-1.383804e-02,2.400000e+01
4.812062e-02,-1.368284e-02,2.405000e+01
4.926648e-02,-1.352076e-02,2.410000e+01
5.038894e-02,-1.335206e-02,2.415000e+01
5.148839e-02,-1.317708e-02,2.420000e+01
5.256528e-02,-1.299621e-02,2.425000e+01
5.361974e-02,-1.280977e-02,2.430000e+01
5.465142e-02,-1.261777e-02,2.435000e+01
5.566040e-02,-1.242028e-02,2.440000e+01
5.664676e-02,-1.221739e-02,2.445000e+01
5.761063e-02,-1.200925e-02,2.450000e+01
5.855210e-02,-1.179602e-02,2.455000e+01
5.947133e-02,-1.157792e-02,2.460000e+01
6.036845e-02,-1.135517e-02,2.465000e+01
6.124362e-02,-1.112806e-02,2.470000e+01
6.209702e-02,-1.089688e-02,2.475000e+01
6.292883e-02,-1.066198e-02,2.480000e+01
6.373924e-02,-1.042374e-02,2.485000e+01
6.452847e-02,-1.018255e-02,2.490000e+01
6.529674e-02,-9.938871e-03,2.495000e+01
6.604428e-02,-9.693167e-03,2.500000e+01
6.677135e-02,-9.445952e-03,2.505000e+01
6.747820e-02,-9.197769e-03,2.510000e+01
6.816511e-02,-8.949195e-03,2.515000e+01
6.883222e-02,-8.700592e-03,2.520000e+01
6.947943e-02,-8.452002e-03,2.525000e+01
7.010679e-02,-8.203702e-03,2.530000e+01
7.071435e-02,-7.955962e-03,2.535000e+01
7.130215e-02,-7.709047e-03,2.540000e+01
7.187025e-02,-7.463211e-03,2.545000e+01
7.241869e-02,-7.218701e-03,2.550000e+01
7.294751e-02,-6.975757e-03,2.555000e+01
7.345676e-02,-6.734610e-03,2.560000e+01
7.394647e-02,-6.495484e-03,2.565000e+01
7.441668e-02,-6.258593e-03,2.570000e+01
7.486744e-02,-6.024144e-03,2.575000e+01
7.529879e-02,-5.792337e-03,2.580000e+01
7.571075e-02,-5.563363e-03,2.585000e+01
7.610336e-02,-5.337405e-03,2.590000e+01
7.647665e-02,-5.114639e-03,2.595000e+01
7.683067e-02,-4.895232e-03,2.600000e+01
7.716546e-02,-4.679349e-03,2.605000e+01
7.748117e-02,-4.467152e-03,2.610000e+01
7.777770e-02,-4.258610e-03,2.615000e+01
7.805491e-02,-4.053660e-03,2.620000e+01
7.831266e-02,-3.852234e-03,2.625000e+01
7.855085e-02,-3.654262e-03,2.630000e+01
7.876939e-02,-3.459669e-03,2.635000e+01
7.896822e-02,-3.268374e-03,2.640000e+01
7.914728e-02,-3.080296e-03,2.645000e+01
7.930654e-02,-2.895349e-03,2.650000e+01
7.944600e-02,-2.713442e-03,2.655000e+01
7.956567e-02,-2.534480e-03,2.660000e+01
7.966557e-02,-2.358367e-03,2.665000e+01
7.974576e-02,-2.185000e-03,2.670000e+01
7.980631e-02,-2.014274e-03,2.675000e+01
7.984729e-02,-1.846080e-03,2.680000e+01
7.986883e-02,-1.680305e-03,2.685000e+01
7.987105e-02,-1.516832e-03,2.690000e+01
7.985410e-02,-1.355540e-03,2.695000e+01
7.981813e-02,-1.196334e-03,2.700000e+01
7.976322e-02,-1.039289e-03,2.705000e+01
7.968936e-02,-8.841821e-04,2.710000e+01
7.959656e-02,-7.307432e-04,2.715000e+01
7.948486e-02,-5.787257e-04,2.720000e+01
7.935435e-02,-4.279076e-04,2.725000e+01
7.920511e-02,-2.780908e-04,2.730000e+01
7.903728e-02,-1.291020e-04,2.735000e+01
7.885101e-02,1.920798e-05,2.740000e+01
7.864648e-02,1.669640e-04,2.745000e+01
7.842389e-02,3.142667e-04,2.750000e+01
7.818348e-02,4.611922e-04,2.755000e+01
7.792552e-02,6.077923e-04,2.760000e+01
7.765029e-02,7.540947e-04,2.765000e+01
7.735811e-02,9.001026e-04,2.770000e+01
7.704931e-02,1.045795e-03,2.775000e+01
7.672428e-02,1.191126e-03,2.780000e+01
7.638330e-02,1.336069e-03,2.785000e+01
7.602651e-02,1.480731e-03,2.790000e+01
7.565416e-02,1.625212e-03,2.795000e+01
7.526654e-02,1.769584e-03,2.800000e+01
7.486394e-02,1.913898e-03,2.805000e+01
7.444666e-02,2.058176e-03,2.810000e+01
7.401501e-02,2.202420e-03,2.815000e+01
7.356932e-02,2.346605e-03,2.820000e+01
7.310992e-02,2.490681e-03,2.825000e+01
7.263717e-02,2.634577e-03,2.830000e+01
7.215142e-02,2.778194e-03,2.835000e+01
7.165303e-02,2.921410e-03,2.840000e+01
7.114241e-02,3.064078e-03,2.845000e+01
7.061992e-02,3.206028e-03,2.850000e+01
7.008598e-02,3.347066e-03,2.855000e+01
6.954090e-02,3.487071e-03,2.860000e+01
6.898498e-02,3.625995e-03,2.865000e+01
6.841856e-02,3.763766e-03,2.870000e+01
6.784197e-02,3.900303e-03,2.875000e+01
6.725557e-02,4.035515e-03,2.880000e+01
6.665966e-02,4.169304e-03,2.885000e+01
6.605459e-02,4.301558e-03,2.890000e+01
6.544069e-02,4.432161e-03,2.895000e+01
6.481826e-02,4.560983e-03,2.900000e+01
6.418765e-02,4.687887e-03,2.905000e+01
6.354915e-02,4.812725e-03,2.910000e+01
6.290310e-02,4.935342e-03,2.915000e+01
6.224979e-02,5.055571e-03,2.920000e+01
6.158955e-02,5.173236e-03,2.925000e+01
6.092267e-02,5.288152e-03,2.930000e+01
6.024947e-02,5.400126e-03,2.935000e+01
5.957020e-02,5.509020e-03,2.940000e+01
5.888509e-02,5.614823e-03,2.945000e+01
5.819437e-02,5.717460e-03,2.950000e+01
5.749830e-02,5.816857e-03,2.955000e+01
5.679710e-02,5.912946e-03,2.960000e+01
5.609102e-02,6.005666e-03,2.965000e+01
5.538027e-02,6.094961e-03,2.970000e+01
5.466507e-02,6.180780e-03,2.975000e+01
5.394563e-02,6.263079e-03,2.980000e+01
5.322216e-02,6.341819e-03,2.985000e+01
5.249486e-02,6.416966e-03,2.990000e+01
5.176391e-02,6.488494e-03,2.995000e+01
5.102950e-02,6.556380e-03,3.000000e+01
5.029182e-02,6.620608e-03,3.005000e+01
4.955102e-02,6.681169e-03,3.010000e+01
4.880728e-02,6.738058e-03,3.015000e+01
4.806075e-02,6.791276e-03,3.020000e+01
4.731160e-02,6.840829e-03,3.025000e+01
4.655995e-02,6.886731e-03,3.030000e+01
4.580598e-02,6.928998e-03,3.035000e+01
4.504994e-02,6.967665e-03,3.040000e+01
4.429194e-02,7.002822e-03,3.045000e+01
4.353208e-02,7.034561e-03,3.050000e+01
4.277047e-02,7.062977e-03,3.055000e+01
4.200722e-02,7.088165e-03,3.060000e+01
4.124244e-02,7.110223e-03,3.065000e+01
4.047623e-02,7.129251e-03,3.070000e+01
3.970873e-02,7.145346e-03,3.075000e+01
3.894004e-02,7.158612e-03,3.080000e+01
3.817029e-02,7.169151e-03,3.085000e+01
3.739961e-02,7.177067e-03,3.090000e+01
3.662812e-02,7.182466e-03,3.095000e+01
3.585596e-02,7.185455e-03,3.100000e+01
3.508326e-02,7.186141e-03,3.105000e+01
3.431015e-02,7.184635e-03,3.110000e+01
3.353678e-02,7.181048e-03,3.115000e+01
3.276329e-02,7.175492e-03,3.120000e+01
3.198983e-02,7.168081e-03,3.125000e+01
3.121654e-02,7.158930e-03,3.130000e+01
3.044358e-02,7.148156e-03,3.135000e+01
2.967110e-02,7.135877e-03,3.140000e+01
2.889926e-02,7.122212e-03,3.145000e+01
2.812822e-02,7.107281e-03,3.150000e+01
2.735815e-02,7.091208e-03,3.155000e+01
2.658920e-02,7.074114e-03,3.160000e+01
2.582155e-02,7.056126e-03,3.165000e+01
2.505534e-02,7.037154e-03,3.170000e+01
2.429071e-02,7.017006e-03,3.175000e+01
2.352783e-02,6.995825e-03,3.180000e+01
2.276688e-02,6.973745e-03,3.185000e+01
2.200803e-02,6.950888e-03,3.190000e+01
2.125146e-02,6.927363e-03,3.195000e+01
2.049734e-02,6.903267e-03,3.200000e+01
1.974583e-02,6.878684e-03,3.205000e+01
1.899712e-02,6.853686e-03,3.210000e+01
1.825138e-02,6.828333e-03,3.215000e+01
1.750877e-02,6.802671e-03,3.220000e+01
1.676948e-02,6.776735e-03,3.225000e+01
1.603366e-02,6.750547e-03,3.230000e+01
1.530149e-02,6.724117e-03,3.235000e+01
1.457313e-02,6.697442e-03,3.240000e+01
1.384876e-02,6.670507e-03,3.245000e+01
1.312855e-02,6.643284e-03,3.250000e+01
1.241266e-02,6.615734e-03,3.255000e+01
1.170126e-02,6.587803e-03,3.260000e+01
1.099452e-02,6.559426e-03,3.265000e+01
1.029260e-02,6.530527e-03,3.270000e+01
9.595665e-03,6.501015e-03,3.275000e+01
8.903888e-03,6.470788e-03,3.280000e+01
8.217430e-03,6.439732e-03,3.285000e+01
7.536456e-03,6.407718e-03,3.290000e+01
6.861129e-03,6.374608e-03,3.295000e+01
6.191441e-03,6.340570e-03,3.300000e+01
5.527373e-03,6.305875e-03,3.305000e+01
4.869103e-03,6.270446e-03,3.310000e+01
4.216800e-03,6.234214e-03,3.315000e+01
3.570619e-03,6.197116e-03,3.320000e+01
2.930703e-03,6.159095e-03,3.325000e+01
2.297183e-03,6.120100e-03,3.330000e+01
1.670178e-03,6.080084e-03,3.335000e+01
1.049794e-03,6.039009e-03,3.340000e+01
4.361267e-04,5.996841e-03,3.345000e+01
-1.707432e-04,5.953552e-03,3.350000e+01
-7.707454e-04,5.909122e-03,3.355000e+01
-1.363823e-03,5.863534e-03,3.360000e+01
-1.949929e-03,5.816780e-03,3.365000e+01
-2.529032e-03,5.768855e-03,3.370000e+01
-3.101111e-03,5.719763e-03,3.375000e+01
-3.666157e-03,5.669511e-03,3.380000e+01
-4.224174e-03,5.618114e-03,3.385000e+01
-4.775177e-03,5.565592e-03,3.390000e+01
-5.319196e-03,5.511973e-03,3.395000e+01
-5.856231e-03,5.457374e-03,3.400000e+01
-6.386207e-03,5.401835e-03,3.405000e+01
-6.909051e-03,5.345313e-03,3.410000e+01
-7.424695e-03,5.287776e-03,3.415000e+01
-7.933083e-03,5.229201e-03,3.420000e+01
-8.434168e-03,5.169573e-03,3.425000e+01
-8.927912e-03,5.108888e-03,3.430000e+01
-9.414286e-03,5.047150e-03,3.435000e+01
-9.893269e-03,4.984374e-03,3.440000e+01
-1.036485e-02,4.920582e-03,3.445000e+01
-1.082903e-02,4.855808e-03,3.450000e+01
-1.128582e-02,4.790093e-03,3.455000e+01
-1.173524e-02,4.723490e-03,3.460000e+01
-1.217730e-02,4.656058e-03,3.465000e+01
-1.261205e-02,4.587869e-03,3.470000e+01
-1.303953e-02,4.519002e-03,3.475000e+01
-1.345980e-02,4.449545e-03,3.480000e+01
-1.387292e-02,4.379597e-03,3.485000e+01
-1.427895e-02,4.309267e-03,3.490000e+01
-1.467800e-02,4.238670e-03,3.495000e+01
-1.507004e-02,4.167885e-03,3.500000e+01
-1.545503e-02,4.096925e-03,3.505000e+01
-1.583293e-02,4.025801e-03,3.510000e+01
-1.620373e-02,3.954530e-03,3.515000e+01
-1.656741e-02,3.883130e-03,3.520000e+01
-1.692394e-02,3.811624e-03,3.525000e+01
-1.727331e-02,3.740039e-03,3.530000e+01
-1.761554e-02,3.668405e-03,3.535000e+01
-1.795060e-02,3.596754e-03,3.540000e+01
-1.827852e-02,3.525125e-03,3.545000e+01
-1.859930e-02,3.453558e-03,3.550000e+01
-1.891295e-02,3.382096e-03,3.555000e+01
-1.921950e-02,3.310789e-03,3.560000e+01
-1.951897e-02,3.239687e-03,3.565000e+01
-1.981139e-02,3.168845e-03,3.570000e+01
-2.009680e-02,3.098323e-03,3.575000e+01
-2.037524e-02,3.028182e-03,3.580000e+01
-2.064676e-02,2.958487e-03,3.585000e+01
-2.091139e-02,2.889309e-03,3.590000e+01
-2.116921e-02,2.820722e-03,3.595000e+01
-2.142022e-02,2.752774e-03,3.600000e+01
-2.166438e-02,2.685447e-03,3.605000e+01
-2.190165e-02,2.618716e-03,3.610000e+01
-2.213199e-02,2.552559e-03,3.615000e+01
-2.235538e-02,2.486955e-03,3.620000e+01
-2.257180e-02,2.421886e-03,3.625000e+01
-2.278122e-02,2.357338e-03,3.630000e+01
-2.298365e-02,2.293299e-03,3.635000e+01
-2.317908e-02,2.229757e-03,3.640000e+01
-2.336752e-02,2.166707e-03,3.645000e+01
-2.354897e-02,2.104141e-03,3.650000e+01
-2.372346e-02,2.042059e-03,3.655000e+01
-2.389102e-02,1.980460e-03,3.660000e+01
-2.405167e-02,1.919347e-03,3.665000e+01
-2.420545e-02,1.858725e-03,3.670000e+01
-2.435240e-02,1.798601e-03,3.675000e+01
-2.449259e-02,1.738985e-03,3.680000e+01
-2.462606e-02,1.679891e-03,3.685000e+01
-2.475289e-02,1.621332e-03,3.690000e+01
-2.487312e-02,1.563348e-03,3.695000e+01
-2.498674e-02,1.505942e-03,3.700000e+01
-2.509374e-02,1.449048e-03,3.705000e+01
-2.519411e-02,1.392605e-03,3.710000e+01
-2.528783e-02,1.336559e-03,3.715000e+01
-2.537493e-02,1.280860e-03,3.720000e+01
-2.545541e-02,1.225468e-03,3.725000e+01
-2.552929e-02,1.170347e-03,3.730000e+01
-2.559661e-02,1.115469e-03,3.735000e+01
-2.565739e-02,1.060810e-03,3.740000e+01
-2.571169e-02,1.006357e-03,3.745000e+01
-2.575956e-02,9.520978e-04,3.750000e+01
-2.580106e-02,8.980316e-04,3.755000e+01
-2.583625e-02,8.441617e-04,3.760000e+01
-2.586521e-02,7.904984e-04,3.765000e+01
-2.588802e-02,7.370586e-04,3.770000e+01
-2.590479e-02,6.838655e-04,3.775000e+01
-2.591559e-02,6.309490e-04,3.780000e+01
-2.592053e-02,5.783364e-04,3.785000e+01
-2.591959e-02,5.259966e-04,3.790000e+01
-2.591281e-02,4.738926e-04,3.795000e+01
-2.590023e-02,4.219963e-04,3.800000e+01
-2.588192e-02,3.702856e-04,3.805000e+01
-2.585792e-02,3.187448e-04,3.810000e+01
-2.582831e-02,2.673645e-04,3.815000e+01
-2.579314e-02,2.161415e-04,3.820000e+01
-2.575250e-02,1.650791e-04,3.825000e+01
-2.570644e-02,1.141868e-04,3.830000e+01
-2.565505e-02,6.348021e-05,3.835000e+01
-2.559842e-02,1.298145e-05,3.840000e+01
-2.553663e-02,-3.728115e-05,3.845000e+01
-2.546976e-02,-8.727296e-05,3.850000e+01
-2.539793e-02,-1.369530e-04,3.855000e+01
-2.532121e-02,-1.862811e-04,3.860000e+01
-2.523966e-02,-2.352636e-04,3.865000e+01
-2.515335e-02,-2.839053e-04,3.870000e+01
-2.506235e-02,-3.322040e-04,3.875000e+01
-2.496672e-02,-3.801539e-04,3.880000e+01
-2.486655e-02,-4.277459e-04,3.885000e+01
-2.476191e-02,-4.749669e-04,3.890000e+01
-2.465287e-02,-5.218003e-04,3.895000e+01
-2.453952e-02,-5.682261e-04,3.900000e+01
-2.442193e-02,-6.142204e-04,3.905000e+01
-2.430018e-02,-6.597559e-04,3.910000e+01
-2.417436e-02,-7.048015e-04,3.915000e+01
-2.404455e-02,-7.493226e-04,3.920000e+01
-2.391084e-02,-7.932811e-04,3.925000e+01
-2.377331e-02,-8.366361e-04,3.930000e+01
-2.363202e-02,-8.793703e-04,3.935000e+01
-2.348705e-02,-9.214839e-04,3.940000e+01
-2.333846e-02,-9.629756e-04,3.945000e+01
-2.318631e-02,-1.003842e-03,3.950000e+01
-2.303066e-02,-1.044078e-03,3.955000e+01
-2.287160e-02,-1.083676e-03,3.960000e+01
-2.270917e-02,-1.122627e-03,3.965000e+01
-2.254345e-02,-1.160921e-03,3.970000e+01
-2.237452e-02,-1.198544e-03,3.975000e+01
-2.220243e-02,-1.235481e-03,3.980000e+01
-2.202726e-02,-1.271717e-03,3.985000e+01
-2.184909e-02,-1.307231e-03,3.990000e+01
-2.166797e-02,-1.342005e-03,3.995000e+01
-2.148400e-02,-1.376014e-03,4.000000e+01
-2.129724e-02,-1.409235e-03,4.005000e+01
-2.110777e-02,-1.441641e-03,4.010000e+01
-2.091564e-02,-1.473218e-03,4.015000e+01
-2.072093e-02,-1.503983e-03,4.020000e+01
-2.052366e-02,-1.533953e-03,4.025000e+01
-2.032390e-02,-1.563143e-03,4.030000e+01
-2.012169e-02,-1.591568e-03,4.035000e+01
-1.991709e-02,-1.619241e-03,4.040000e+01
-1.971015e-02,-1.646173e-03,4.045000e+01
-1.950093e-02,-1.672375e-03,4.050000e+01
-1.928949e-02,-1.697855e-03,4.055000e+01
-1.907588e-02,-1.722621e-03,4.060000e+01
-1.886017e-02,-1.746677e-03,4.065000e+01
-1.864241e-02,-1.770029e-03,4.070000e+01
-1.842267e-02,-1.792679e-03,4.075000e+01
-1.820102e-02,-1.814629e-03,4.080000e+01
-1.797752e-02,-1.835878e-03,4.085000e+01
-1.775224e-02,-1.856425e-03,4.090000e+01
-1.752525e-02,-1.876267e-03,4.095000e+01
-1.729661e-02,-1.895401e-03,4.100000e+01
-1.706640e-02,-1.913813e-03,4.105000e+01
-1.683468e-02,-1.931505e-03,4.110000e+01
-1.660148e-02,-1.948509e-03,4.115000e+01
-1.636685e-02,-1.964859e-03,4.120000e+01
-1.613085e-02,-1.980582e-03,4.125000e+01
-1.589352e-02,-1.995708e-03,4.130000e+01
-1.565492e-02,-2.010261e-03,4.135000e+01
-1.541510e-02,-2.024263e-03,4.140000e+01
-1.517412e-02,-2.037734e-03,4.145000e+01
-1.493203e-02,-2.050692e-03,4.150000e+01
-1.468890e-02,-2.063150e-03,4.155000e+01
-1.444478e-02,-2.075121e-03,4.160000e+01
-1.419974e-02,-2.086615e-03,4.165000e+01
-1.395383e-02,-2.097639e-03,4.170000e+01
-1.370714e-02,-2.108197e-03,4.175000e+01
-1.345971e-02,-2.118290e-03,4.180000e+01
-1.321163e-02,-2.127920e-03,4.185000e+01
-1.296296e-02,-2.137081e-03,4.190000e+01
-1.271377e-02,-2.145770e-03,4.195000e+01
-1.246414e-02,-2.153977e-03,4.200000e+01
-1.221414e-02,-2.161692e-03,4.205000e+01
-1.196384e-02,-2.168904e-03,4.210000e+01
-1.171325e-02,-2.175626e-03,4.215000e+01
-1.146244e-02,-2.181877e-03,4.220000e+01
-1.121147e-02,-2.187676e-03,4.225000e+01
-1.096040e-02,-2.193037e-03,4.230000e+01
-1.070930e-02,-2.197974e-03,4.235000e+01
-1.045821e-02,-2.202499e-03,4.240000e+01
-1.020721e-02,-2.206620e-03,4.245000e+01
-9.956361e-03,-2.210345e-03,4.250000e+01
-9.705713e-03,-2.213680e-03,4.255000e+01
-9.455329e-03,-2.216627e-03,4.260000e+01
-9.205269e-03,-2.219188e-03,4.265000e+01
-8.955590e-03,-2.221362e-03,4.270000e+01
-8.706350e-03,-2.223147e-03,4.275000e+01
-8.457607e-03,-2.224537e-03,4.280000e+01
-8.209418e-03,-2.225526e-03,4.285000e+01
-7.961838e-03,-2.226104e-03,4.290000e+01
-7.714924e-03,-2.226262e-03,4.295000e+01
-7.468731e-03,-2.225985e-03,4.300000e+01
-7.223314e-03,-2.225260e-03,4.305000e+01
-6.978726e-03,-2.224068e-03,4.310000e+01
-6.735022e-03,-2.222392e-03,4.315000e+01
-6.492255e-03,-2.220210e-03,4.320000e+01
-6.250414e-03,-2.217550e-03,4.325000e+01
-6.009496e-03,-2.214458e-03,4.330000e+01
-5.769572e-03,-2.210931e-03,4.335000e+01
-5.530712e-03,-2.206966e-03,4.340000e+01
-5.292982e-03,-2.202560e-03,4.345000e+01
-5.056446e-03,-2.197710e-03,4.350000e+01
-4.821164e-03,-2.192413e-03,4.355000e+01
-4.587193e-03,-2.186666e-03,4.360000e+01
-4.354585e-03,-2.180469e-03,4.365000e+01
-4.123393e-03,-2.173818e-03,4.370000e+01
-3.893664e-03,-2.166712e-03,4.375000e+01
-3.665442e-03,-2.159150e-03,4.380000e+01
-3.438769e-03,-2.151130e-03,4.385000e+01
-3.213683e-03,-2.142652e-03,4.390000e+01
-2.990220e-03,-2.133713e-03,4.395000e+01
-2.768411e-03,-2.124315e-03,4.400000e+01
-2.548285e-03,-2.114455e-03,4.405000e+01
-2.329869e-03,-2.104135e-03,4.410000e+01
-2.113185e-03,-2.093354e-03,4.415000e+01
-1.898253e-03,-2.082112e-03,4.420000e+01
-1.685089e-03,-2.070410e-03,4.425000e+01
-1.473707e-03,-2.058248e-03,4.430000e+01
-1.264118e-03,-2.045628e-03,4.435000e+01
-1.056328e-03,-2.032550e-03,4.440000e+01
-8.503422e-04,-2.019016e-03,4.445000e+01
-6.461610e-04,-2.005027e-03,4.450000e+01
-4.437745e-04,-1.990620e-03,4.455000e+01
-2.431809e-04,-1.975902e-03,4.460000e+01
-4.443124e-05,-1.960876e-03,4.465000e+01
1.524237e-04,-1.945537e-03,4.470000e+01
3.473365e-04,-1.929883e-03,4.475000e+01
5.402630e-04,-1.913911e-03,4.480000e+01
7.311621e-04,-1.897622e-03,4.485000e+01
9.199963e-04,-1.881015e-03,4.490000e+01
1.106731e-03,-1.864093e-03,4.495000e+01
1.291336e-03,-1.846859e-03,4.500000e+01
1.473782e-03,-1.829317e-03,4.505000e+01
1.654046e-03,-1.811472e-03,4.510000e+01
1.832106e-03,-1.793331e-03,4.515000e+01
2.007943e-03,-1.774903e-03,4.520000e+01
2.181545e-03,-1.756196e-03,4.525000e+01
2.352898e-03,-1.737221e-03,4.530000e+01
2.521996e-03,-1.717989e-03,4.535000e+01
2.688833e-03,-1.698513e-03,4.540000e+01
2.853407e-03,-1.678807e-03,4.545000e+01
3.015720e-03,-1.658887e-03,4.550000e+01
3.175779e-03,-1.638768e-03,4.555000e+01
3.333589e-03,-1.618469e-03,4.560000e+01
3.489164e-03,-1.598009e-03,4.565000e+01
3.642518e-03,-1.577407e-03,4.570000e+01
3.793670e-03,-1.556685e-03,4.575000e+01
3.942639e-03,-1.535866e-03,4.580000e+01
4.089410e-03,-1.515002e-03,4.585000e+01
4.233940e-03,-1.494106e-03,4.590000e+01
4.376192e-03,-1.473171e-03,4.595000e+01
4.516135e-03,-1.452192e-03,4.600000e+01
4.653740e-03,-1.431164e-03,4.605000e+01
4.788981e-03,-1.410083e-03,4.610000e+01
4.921835e-03,-1.388946e-03,4.615000e+01
5.052281e-03,-1.367752e-03,4.620000e+01
5.180304e-03,-1.346501e-03,4.625000e+01
5.305887e-03,-1.325192e-03,4.630000e+01
5.429022e-03,-1.303828e-03,4.635000e+01
5.549699e-03,-1.282410e-03,4.640000e+01
5.667913e-03,-1.260943e-03,4.645000e+01
5.783663e-03,-1.239431e-03,4.650000e+01
5.896949e-03,-1.217879e-03,4.655000e+01
6.007774e-03,-1.196295e-03,4.660000e+01
6.116146e-03,-1.174685e-03,4.665000e+01
6.222075e-03,-1.153060e-03,4.670000e+01
6.325573e-03,-1.131428e-03,4.675000e+01
6.426656e-03,-1.109801e-03,4.680000e+01
6.525343e-03,-1.088190e-03,4.685000e+01
6.621655e-03,-1.066608e-03,4.690000e+01
6.715611e-03,-1.045079e-03,4.695000e+01
6.807195e-03,-1.023632e-03,4.700000e+01
6.896384e-03,-1.002251e-03,4.705000e+01
6.983159e-03,-9.809196e-04,4.710000e+01
7.067507e-03,-9.596231e-04,4.715000e+01
7.149414e-03,-9.383490e-04,4.720000e+01
7.228872e-03,-9.170865e-04,4.725000e+01
7.305874e-03,-8.958270e-04,4.730000e+01
7.380418e-03,-8.745639e-04,4.735000e+01
7.452505e-03,-8.532925e-04,4.740000e+01
7.522136e-03,-8.320105e-04,4.745000e+01
7.589320e-03,-8.107171e-04,4.750000e+01
7.654065e-03,-7.894138e-04,4.755000e+01
7.716385e-03,-7.681041e-04,4.760000e+01
7.776294e-03,-7.467936e-04,4.765000e+01
7.833811e-03,-7.254896e-04,4.770000e+01
7.888959e-03,-7.042019e-04,4.775000e+01
7.941763e-03,-6.829418e-04,4.780000e+01
7.992251e-03,-6.617230e-04,4.785000e+01
8.040453e-03,-6.405610e-04,4.790000e+01
8.086404e-03,-6.194735e-04,4.795000e+01
8.130107e-03,-5.984754e-04,4.800000e+01
8.171549e-03,-5.775589e-04,4.805000e+01
8.210733e-03,-5.567119e-04,4.810000e+01
8.247664e-03,-5.359244e-04,4.815000e+01
8.282348e-03,-5.151883e-04,4.820000e+01
8.314794e-03,-4.944980e-04,4.825000e+01
8.345014e-03,-4.738497e-04,4.830000e+01
8.373021e-03,-4.532421e-04,4.835000e+01
8.398828e-03,-4.326758e-04,4.840000e+01
8.422454e-03,-4.121534e-04,4.845000e+01
8.443919e-03,-3.916801e-04,4.850000e+01
8.463242e-03,-3.712627e-04,4.855000e+01
8.480448e-03,-3.509106e-04,4.860000e+01
8.495561e-03,-3.306350e-04,4.865000e+01
8.508611e-03,-3.104494e-04,4.870000e+01
8.519625e-03,-2.903695e-04,4.875000e+01
8.528637e-03,-2.704129e-04,4.880000e+01
8.535679e-03,-2.505993e-04,4.885000e+01
8.540760e-03,-2.309318e-04,4.890000e+01
8.543889e-03,-2.114026e-04,4.895000e+01
8.545079e-03,-1.920079e-04,4.900000e+01
8.544349e-03,-1.727457e-04,4.905000e+01
8.541715e-03,-1.536150e-04,4.910000e+01
8.537195e-03,-1.346165e-04,4.915000e+01
8.530811e-03,-1.157521e-04,4.920000e+01
8.522581e-03,-9.702531e-05,4.925000e+01
8.512529e-03,-7.844079e-05,4.930000e+01
8.500677e-03,-6.000476e-05,4.935000e+01
8.487049e-03,-4.172481e-05,4.940000e+01
8.471670e-03,-2.360993e-05,4.945000e+01
8.454567e-03,-5.670502e-06,4.950000e+01
8.435765e-03,1.208170e-05,4.955000e+01
8.415295e-03,2.963347e-05,4.960000e+01
8.393180e-03,4.697487e-05,4.965000e+01
8.369432e-03,6.411732e-05,4.970000e+01
8.344070e-03,8.106012e-05,4.975000e+01
8.317116e-03,9.779993e-05,4.980000e+01
8.288593e-03,1.143332e-04,4.985000e+01
8.258523e-03,1.306563e-04,4.990000e+01
8.226928e-03,1.467652e-04,4.995000e+01
