x,u,t
0.000000e+00,0.000000e+00,0.000000e+00
5.792038e-06,-2.627563e-04,5.000000e-02
4.560748e-05,-1.040238e-03,1.000000e-01
1.516687e-04,-2.315122e-03,1.500000e-01
3.541392e-04,-4.068946e-03,2.000000e-01
6.810067e-04,-6.282356e-03,2.500000e-01
1.158086e-03,-8.935113e-03,3.000000e-01
1.809139e-03,-1.200624e-02,3.500000e-01
2.655968e-03,-1.547364e-02,4.000000e-01
3.718305e-03,-1.931473e-02,4.500000e-01
5.013799e-03,-2.350666e-02,5.000000e-01
6.558022e-03,-2.802630e-02,5.500000e-01
8.364474e-03,-3.285030e-02,6.000000e-01
1.044490e-02,-3.795600e-02,6.500000e-01
1.280904e-02,-4.331900e-02,7.000000e-01
1.546481e-02,-4.891455e-02,7.500000e-01
1.841845e-02,-5.471840e-02,8.000000e-01
2.167457e-02,-6.070682e-02,8.500000e-01
2.523611e-02,-6.685656e-02,9.000000e-01
2.910436e-02,-7.314489e-02,9.500000e-01
3.327894e-02,-7.954958e-02,1.000000e+00
3.775783e-02,-8.604890e-02,1.050000e+00
4.253735e-02,-9.262165e-02,1.100000e+00
4.761431e-02,-9.924784e-02,1.150000e+00
5.298347e-02,-1.059066e-01,1.200000e+00
5.863673e-02,-1.125769e-01,1.250000e+00
6.456536e-02,-1.192384e-01,1.300000e+00
7.076000e-02,-1.258722e-01,1.350000e+00
7.721065e-02,-1.324600e-01,1.400000e+00
8.390667e-02,-1.389848e-01,1.450000e+00
9.083678e-02,-1.454305e-01,1.500000e+00
9.798906e-02,-1.517822e-01,1.550000e+00
1.053510e-01,-1.580258e-01,1.600000e+00
1.129093e-01,-1.641483e-01,1.650000e+00
1.206503e-01,-1.701378e-01,1.700000e+00
1.285595e-01,-1.759834e-01,1.750000e+00
1.366246e-01,-1.816738e-01,1.800000e+00
1.448323e-01,-1.871979e-01,1.850000e+00
1.531649e-01,-1.925460e-01,1.900000e+00
1.616051e-01,-1.977096e-01,1.950000e+00
1.701362e-01,-2.026809e-01,2.000000e+00
1.787418e-01,-2.074528e-01,2.050000e+00
1.874059e-01,-2.120194e-01,2.100000e+00
1.961131e-01,-2.163754e-01,2.150000e+00
2.048483e-01,-2.205164e-01,2.200000e+00
2.135971e-01,-2.244388e-01,2.250000e+00
2.223453e-01,-2.281401e-01,2.300000e+00
2.310792e-01,-2.316182e-01,2.350000e+00
2.397856e-01,-2.348723e-01,2.400000e+00
2.484517e-01,-2.379023e-01,2.450000e+00
2.570653e-01,-2.407087e-01,2.500000e+00
2.656146e-01,-2.432928e-01,2.550000e+00
2.740882e-01,-2.456510e-01,2.600000e+00
2.824721e-01,-2.477855e-01,2.650000e+00
2.907527e-01,-2.496999e-01,2.700000e+00
2.989169e-01,-2.513984e-01,2.750000e+00
3.069527e-01,-2.528849e-01,2.800000e+00
3.148489e-01,-2.541638e-01,2.850000e+00
3.225952e-01,-2.552394e-01,2.900000e+00
3.301821e-01,-2.561165e-01,2.950000e+00
3.376009e-01,-2.567996e-01,3.000000e+00
3.448439e-01,-2.572937e-01,3.050000e+00
3.519042e-01,-2.576039e-01,3.100000e+00
3.587757e-01,-2.577353e-01,3.150000e+00
3.654532e-01,-2.576933e-01,3.200000e+00
3.719323e-01,-2.574833e-01,3.250000e+00
3.782096e-01,-2.571111e-01,3.300000e+00
3.842823e-01,-2.565825e-01,3.350000e+00
3.901486e-01,-2.559032e-01,3.400000e+00
3.958010e-01,-2.550783e-01,3.450000e+00
4.012348e-01,-2.541152e-01,3.500000e+00
4.064472e-01,-2.530221e-01,3.550000e+00
4.114363e-01,-2.518068e-01,3.600000e+00
4.162005e-01,-2.504769e-01,3.650000e+00
4.207387e-01,-2.490397e-01,3.700000e+00
4.250503e-01,-2.475021e-01,3.750000e+00
4.291352e-01,-2.458706e-01,3.800000e+00
4.329936e-01,-2.441516e-01,3.850000e+00
4.366263e-01,-2.423510e-01,3.900000e+00
4.400346e-01,-2.404745e-01,3.950000e+00
4.432202e-01,-2.385273e-01,4.000000e+00
4.461854e-01,-2.365146e-01,4.050000e+00
4.489328e-01,-2.344409e-01,4.100000e+00
4.514655e-01,-2.323107e-01,4.150000e+00
4.537852e-01,-2.301288e-01,4.200000e+00
4.558935e-01,-2.279015e-01,4.250000e+00
4.577945e-01,-2.256352e-01,4.300000e+00
4.594922e-01,-2.233355e-01,4.350000e+00
4.609906e-01,-2.210078e-01,4.400000e+00
4.622939e-01,-2.186571e-01,4.450000e+00
4.634063e-01,-2.162880e-01,4.500000e+00
4.643322e-01,-2.139045e-01,4.550000e+00
4.650757e-01,-2.115105e-01,4.600000e+00
4.656413e-01,-2.091092e-01,4.650000e+00
4.660335e-01,-2.067037e-01,4.700000e+00
4.662568e-01,-2.042965e-01,4.750000e+00
4.663158e-01,-2.018897e-01,4.800000e+00
4.662151e-01,-1.994850e-01,4.850000e+00
4.659594e-01,-1.970837e-01,4.900000e+00
4.655529e-01,-1.946880e-01,4.950000e+00
4.650001e-01,-1.923013e-01,5.000000e+00
4.643066e-01,-1.899260e-01,5.050000e+00
4.634777e-01,-1.875642e-01,5.100000e+00
4.625185e-01,-1.852178e-01,5.150000e+00
4.614342e-01,-1.828885e-01,5.200000e+00
4.602295e-01,-1.805775e-01,5.250000e+00
4.589092e-01,-1.782860e-01,5.300000e+00
4.574778e-01,-1.760146e-01,5.350000e+00
4.559396e-01,-1.737639e-01,5.400000e+00
4.542987e-01,-1.715342e-01,5.450000e+00
4.525593e-01,-1.693254e-01,5.500000e+00
4.507250e-01,-1.671371e-01,5.550000e+00
4.487997e-01,-1.649689e-01,5.600000e+00
4.467866e-01,-1.628198e-01,5.650000e+00
4.446883e-01,-1.606887e-01,5.700000e+00
4.425079e-01,-1.585754e-01,5.750000e+00
4.402500e-01,-1.564804e-01,5.800000e+00
4.379187e-01,-1.544039e-01,5.850000e+00
4.355181e-01,-1.523460e-01,5.900000e+00
4.330519e-01,-1.503067e-01,5.950000e+00
4.305237e-01,-1.482859e-01,6.000000e+00
4.279367e-01,-1.462830e-01,6.050000e+00
4.252942e-01,-1.442978e-01,6.100000e+00
4.225988e-01,-1.423296e-01,6.150000e+00
4.198534e-01,-1.403777e-01,6.200000e+00
4.170604e-01,-1.384410e-01,6.250000e+00
4.142218e-01,-1.365187e-01,6.300000e+00
4.113398e-01,-1.346095e-01,6.350000e+00
4.084161e-01,-1.327121e-01,6.400000e+00
4.054523e-01,-1.308251e-01,6.450000e+00
4.024496e-01,-1.289467e-01,6.500000e+00
3.994091e-01,-1.270753e-01,6.550000e+00
3.963318e-01,-1.252090e-01,6.600000e+00
3.932183e-01,-1.233457e-01,6.650000e+00
3.900689e-01,-1.214832e-01,6.700000e+00
3.868848e-01,-1.196203e-01,6.750000e+00
3.836684e-01,-1.177579e-01,6.800000e+00
3.804207e-01,-1.158958e-01,6.850000e+00
3.771430e-01,-1.140338e-01,6.900000e+00
3.738362e-01,-1.121714e-01,6.950000e+00
3.705011e-01,-1.103083e-01,7.000000e+00
3.671387e-01,-1.084441e-01,7.050000e+00
3.637499e-01,-1.065786e-01,7.100000e+00
3.603352e-01,-1.047114e-01,7.150000e+00
3.568955e-01,-1.028420e-01,7.200000e+00
3.534314e-01,-1.009702e-01,7.250000e+00
3.499434e-01,-9.909559e-02,7.300000e+00
3.464321e-01,-9.721771e-02,7.350000e+00
3.428980e-01,-9.533623e-02,7.400000e+00
3.393414e-01,-9.345074e-02,7.450000e+00
3.357626e-01,-9.156084e-02,7.500000e+00
3.321620e-01,-8.966614e-02,7.550000e+00
3.285398e-01,-8.776621e-02,7.600000e+00
3.248962e-01,-8.586063e-02,7.650000e+00
3.212312e-01,-8.394899e-02,7.700000e+00
3.175450e-01,-8.203085e-02,7.750000e+00
3.138374e-01,-8.010578e-02,7.800000e+00
3.101084e-01,-7.817333e-02,7.850000e+00
3.063580e-01,-7.623305e-02,7.900000e+00
3.025859e-01,-7.428449e-02,7.950000e+00
2.987927e-01,-7.232765e-02,8.000000e+00
2.949792e-01,-7.036348e-02,8.050000e+00
2.911456e-01,-6.839283e-02,8.100000e+00
2.872919e-01,-6.641655e-02,8.150000e+00
2.834184e-01,-6.443544e-02,8.200000e+00
2.795252e-01,-6.245029e-02,8.250000e+00
2.756126e-01,-6.046187e-02,8.300000e+00
2.716808e-01,-5.847092e-02,8.350000e+00
2.677302e-01,-5.647817e-02,8.400000e+00
2.637610e-01,-5.448429e-02,8.450000e+00
2.597738e-01,-5.248997e-02,8.500000e+00
2.557689e-01,-5.049584e-02,8.550000e+00
2.517468e-01,-4.850254e-02,8.600000e+00
2.477080e-01,-4.651065e-02,8.650000e+00
2.436531e-01,-4.452076e-02,8.700000e+00
2.395826e-01,-4.253340e-02,8.750000e+00
2.354972e-01,-4.054912e-02,8.800000e+00
2.313976e-01,-3.856841e-02,8.850000e+00
2.272843e-01,-3.659176e-02,8.900000e+00
2.231583e-01,-3.461960e-02,8.950000e+00
2.190202e-01,-3.265239e-02,9.000000e+00
2.148709e-01,-3.069052e-02,9.050000e+00
2.107113e-01,-2.873437e-02,9.100000e+00
2.065422e-01,-2.678431e-02,9.150000e+00
2.023646e-01,-2.484067e-02,9.200000e+00
1.981794e-01,-2.290377e-02,9.250000e+00
1.939866e-01,-2.097463e-02,9.300000e+00
1.897857e-01,-1.905478e-02,9.350000e+00
1.855781e-01,-1.714505e-02,9.400000e+00
1.813649e-01,-1.524621e-02,9.450000e+00
1.771472e-01,-1.335902e-02,9.500000e+00
1.729261e-01,-1.148420e-02,9.550000e+00
1.687028e-01,-9.622453e-03,9.600000e+00
1.644783e-01,-7.774441e-03,9.650000e+00
1.602538e-01,-5.940800e-03,9.700000e+00
1.560301e-01,-4.122134e-03,9.750000e+00
1.518085e-01,-2.319021e-03,9.800000e+00
1.475898e-01,-5.320059e-04,9.850000e+00
1.433751e-01,1.238394e-03,9.900000e+00
1.391652e-01,2.991693e-03,9.950000e+00
1.349612e-01,4.727433e-03,1.000000e+01
1.307638e-01,6.445187e-03,1.005000e+01
1.265742e-01,8.144558e-03,1.010000e+01
1.223930e-01,9.825178e-03,1.015000e+01
1.182211e-01,1.148671e-02,1.020000e+01
1.140594e-01,1.312885e-02,1.025000e+01
1.099087e-01,1.475131e-02,1.030000e+01
1.057697e-01,1.635384e-02,1.035000e+01
1.016433e-01,1.793624e-02,1.040000e+01
9.753005e-02,1.949803e-02,1.045000e+01
9.343119e-02,2.103788e-02,1.050000e+01
8.934798e-02,2.255564e-02,1.055000e+01
8.528166e-02,2.405125e-02,1.060000e+01
8.123340e-02,2.552468e-02,1.065000e+01
7.720436e-02,2.697587e-02,1.070000e+01
7.319561e-02,2.840475e-02,1.075000e+01
6.920819e-02,2.981126e-02,1.080000e+01
6.524308e-02,3.119532e-02,1.085000e+01
6.130121e-02,3.255682e-02,1.090000e+01
5.738346e-02,3.389568e-02,1.095000e+01
5.349064e-02,3.521177e-02,1.100000e+01
4.962355e-02,3.650499e-02,1.105000e+01
4.578289e-02,3.777520e-02,1.110000e+01
4.196934e-02,3.902227e-02,1.115000e+01
3.818352e-02,4.024605e-02,1.120000e+01
3.442598e-02,4.144639e-02,1.125000e+01
3.069725e-02,4.262311e-02,1.130000e+01
2.699779e-02,4.377605e-02,1.135000e+01
2.332801e-02,4.490502e-02,1.140000e+01
1.968828e-02,4.600979e-02,1.145000e+01
1.607956e-02,4.708972e-02,1.150000e+01
1.250284e-02,4.814503e-02,1.155000e+01
8.958957e-03,4.917620e-02,1.160000e+01
5.448709e-03,5.018366e-02,1.165000e+01
1.972831e-03,5.116781e-02,1.170000e+01
-1.467991e-03,5.212899e-02,1.175000e+01
-4.873121e-03,5.306752e-02,1.180000e+01
-8.241975e-03,5.398364e-02,1.185000e+01
-1.157402e-02,5.487759e-02,1.190000e+01
-1.486877e-02,5.574954e-02,1.195000e+01
-1.812579e-02,5.659960e-02,1.200000e+01
-2.134470e-02,5.742788e-02,1.205000e+01
-2.452518e-02,5.823442e-02,1.210000e+01
-2.766693e-02,5.901920e-02,1.215000e+01
-3.076974e-02,5.978220e-02,1.220000e+01
-3.383342e-02,6.052332e-02,1.225000e+01
-3.685784e-02,6.124242e-02,1.230000e+01
-3.984293e-02,6.193934e-02,1.235000e+01
-4.278866e-02,6.261385e-02,1.240000e+01
-4.569506e-02,6.326569e-02,1.245000e+01
-4.856161e-02,6.389465e-02,1.250000e+01
-5.138743e-02,6.450116e-02,1.255000e+01
-5.417222e-02,6.508584e-02,1.260000e+01
-5.691567e-02,6.564926e-02,1.265000e+01
-5.961753e-02,6.619192e-02,1.270000e+01
-6.227756e-02,6.671430e-02,1.275000e+01
-6.489557e-02,6.721678e-02,1.280000e+01
-6.747138e-02,6.769970e-02,1.285000e+01
-7.000485e-02,6.816335e-02,1.290000e+01
-7.249587e-02,6.860796e-02,1.295000e+01
-7.494435e-02,6.903369e-02,1.300000e+01
-7.735026e-02,6.944066e-02,1.305000e+01
-7.971356e-02,6.982893e-02,1.310000e+01
-8.203426e-02,7.019849e-02,1.315000e+01
-8.431242e-02,7.054930e-02,1.320000e+01
-8.654808e-02,7.088122e-02,1.325000e+01
-8.874137e-02,7.119410e-02,1.330000e+01
-9.089239e-02,7.148771e-02,1.335000e+01
-9.300133e-02,7.176176e-02,1.340000e+01
-9.506817e-02,7.201600e-02,1.345000e+01
-9.709242e-02,7.225086e-02,1.350000e+01
-9.907400e-02,7.246694e-02,1.355000e+01
-1.010130e-01,7.266479e-02,1.360000e+01
-1.029093e-01,7.284489e-02,1.365000e+01
-1.047630e-01,7.300768e-02,1.370000e+01
-1.065743e-01,7.315354e-02,1.375000e+01
-1.083431e-01,7.328279e-02,1.380000e+01
-1.100695e-01,7.339569e-02,1.385000e+01
-1.117537e-01,7.349247e-02,1.390000e+01
-1.133958e-01,7.357328e-02,1.395000e+01
-1.149958e-01,7.363823e-02,1.400000e+01
-1.165539e-01,7.368736e-02,1.405000e+01
-1.180704e-01,7.372067e-02,1.410000e+01
-1.195453e-01,7.373809e-02,1.415000e+01
-1.209788e-01,7.373952e-02,1.420000e+01
-1.223712e-01,7.372477e-02,1.425000e+01
-1.237226e-01,7.369362e-02,1.430000e+01
-1.250334e-01,7.364580e-02,1.435000e+01
-1.263033e-01,7.358136e-02,1.440000e+01
-1.275324e-01,7.350091e-02,1.445000e+01
-1.287208e-01,7.340493e-02,1.450000e+01
-1.298687e-01,7.329390e-02,1.455000e+01
-1.309764e-01,7.316821e-02,1.460000e+01
-1.320439e-01,7.302824e-02,1.465000e+01
-1.330715e-01,7.287429e-02,1.470000e+01
-1.340594e-01,7.270664e-02,1.475000e+01
-1.350079e-01,7.252550e-02,1.480000e+01
-1.359170e-01,7.233105e-02,1.485000e+01
-1.367872e-01,7.212341e-02,1.490000e+01
-1.376185e-01,7.190266e-02,1.495000e+01
-1.384112e-01,7.166883e-02,1.500000e+01
-1.391656e-01,7.142191e-02,1.505000e+01
-1.398819e-01,7.116182e-02,1.510000e+01
-1.405604e-01,7.088847e-02,1.515000e+01
-1.412013e-01,7.060168e-02,1.520000e+01
-1.418049e-01,7.030128e-02,1.525000e+01
-1.423712e-01,6.998756e-02,1.530000e+01
-1.429003e-01,6.966105e-02,1.535000e+01
-1.433926e-01,6.932219e-02,1.540000e+01
-1.438484e-01,6.897137e-02,1.545000e+01
-1.442680e-01,6.860893e-02,1.550000e+01
-1.446515e-01,6.823519e-02,1.555000e+01
-1.449994e-01,6.785043e-02,1.560000e+01
-1.453119e-01,6.745489e-02,1.565000e+01
-1.455893e-01,6.704877e-02,1.570000e+01
-1.458319e-01,6.663223e-02,1.575000e+01
-1.460400e-01,6.620539e-02,1.580000e+01
-1.462139e-01,6.576835e-02,1.585000e+01
-1.463538e-01,6.532115e-02,1.590000e+01
-1.464601e-01,6.486380e-02,1.595000e+01
-1.465331e-01,6.439627e-02,1.600000e+01
-1.465730e-01,6.391851e-02,1.605000e+01
-1.465801e-01,6.343048e-02,1.610000e+01
-1.465547e-01,6.293267e-02,1.615000e+01
-1.464970e-01,6.242550e-02,1.620000e+01
-1.464074e-01,6.190929e-02,1.625000e+01
-1.462863e-01,6.138438e-02,1.630000e+01
-1.461340e-01,6.085104e-02,1.635000e+01
-1.459509e-01,6.030955e-02,1.640000e+01
-1.457374e-01,5.976013e-02,1.645000e+01
-1.454938e-01,5.920299e-02,1.650000e+01
-1.452203e-01,5.863831e-02,1.655000e+01
-1.449175e-01,5.806623e-02,1.660000e+01
-1.445855e-01,5.748689e-02,1.665000e+01
-1.442248e-01,5.690037e-02,1.670000e+01
-1.438356e-01,5.630675e-02,1.675000e+01
-1.434184e-01,5.570607e-02,1.680000e+01
-1.429733e-01,5.509837e-02,1.685000e+01
-1.425007e-01,5.448397e-02,1.690000e+01
-1.420011e-01,5.386322e-02,1.695000e+01
-1.414747e-01,5.323645e-02,1.700000e+01
-1.409222e-01,5.260395e-02,1.705000e+01
-1.403437e-01,5.196600e-02,1.710000e+01
-1.397398e-01,5.132285e-02,1.715000e+01
-1.391109e-01,5.067473e-02,1.720000e+01
-1.384572e-01,5.002184e-02,1.725000e+01
-1.377793e-01,4.936436e-02,1.730000e+01
-1.370774e-01,4.870244e-02,1.735000e+01
-1.363520e-01,4.803622e-02,1.740000e+01
-1.356035e-01,4.736581e-02,1.745000e+01
-1.348321e-01,4.669129e-02,1.750000e+01
-1.340382e-01,4.601272e-02,1.755000e+01
-1.332222e-01,4.533012e-02,1.760000e+01
-1.323844e-01,4.464364e-02,1.765000e+01
-1.315252e-01,4.395365e-02,1.770000e+01
-1.306451e-01,4.326050e-02,1.775000e+01
-1.297445e-01,4.256451e-02,1.780000e+01
-1.288239e-01,4.186599e-02,1.785000e+01
-1.278837e-01,4.116521e-02,1.790000e+01
-1.269243e-01,4.046241e-02,1.795000e+01
-1.259461e-01,3.975782e-02,1.800000e+01
-1.249497e-01,3.905164e-02,1.805000e+01
-1.239353e-01,3.834405e-02,1.810000e+01
-1.229034e-01,3.763518e-02,1.815000e+01
-1.218544e-01,3.692515e-02,1.820000e+01
-1.207886e-01,3.621407e-02,1.825000e+01
-1.197065e-01,3.550200e-02,1.830000e+01
-1.186084e-01,3.478899e-02,1.835000e+01
-1.174947e-01,3.407505e-02,1.840000e+01
-1.163658e-01,3.336017e-02,1.845000e+01
-1.152220e-01,3.264438e-02,1.850000e+01
-1.140635e-01,3.192795e-02,1.855000e+01
-1.128908e-01,3.121121e-02,1.860000e+01
-1.117044e-01,3.049447e-02,1.865000e+01
-1.105048e-01,2.977802e-02,1.870000e+01
-1.092925e-01,2.906213e-02,1.875000e+01
-1.080677e-01,2.834705e-02,1.880000e+01
-1.068311e-01,2.763299e-02,1.885000e+01
-1.055830e-01,2.692017e-02,1.890000e+01
-1.043238e-01,2.620877e-02,1.895000e+01
-1.030540e-01,2.549894e-02,1.900000e+01
-1.017739e-01,2.479083e-02,1.905000e+01
-1.004840e-01,2.408456e-02,1.910000e+01
-9.918457e-02,2.338023e-02,1.915000e+01
-9.787602e-02,2.267791e-02,1.920000e+01
-9.655873e-02,2.197765e-02,1.925000e+01
-9.523303e-02,2.127950e-02,1.930000e+01
-9.389927e-02,2.058347e-02,1.935000e+01
-9.255778e-02,1.988954e-02,1.940000e+01
-9.120890e-02,1.919769e-02,1.945000e+01
-8.985288e-02,1.850791e-02,1.950000e+01
-8.848984e-02,1.782046e-02,1.955000e+01
-8.712024e-02,1.713561e-02,1.960000e+01
-8.574456e-02,1.645360e-02,1.965000e+01
-8.436327e-02,1.577464e-02,1.970000e+01
-8.297683e-02,1.509895e-02,1.975000e+01
-8.158568e-02,1.442671e-02,1.980000e+01
-8.019026e-02,1.375811e-02,1.985000e+01
-7.879097e-02,1.309331e-02,1.990000e+01
-7.738823e-02,1.243246e-02,1.995000e+01
-7.598241e-02,1.177571e-02,2.000000e+01
-7.457389e-02,1.112317e-02,2.005000e+01
-7.316303e-02,1.047496e-02,2.010000e+01
-7.175018e-02,9.831166e-03,2.015000e+01
-7.033566e-02,9.191881e-03,2.020000e+01
-6.891980e-02,8.557169e-03,2.025000e+01
-6.750290e-02,7.927086e-03,2.030000e+01
-6.608525e-02,7.301672e-03,2.035000e+01
-6.466712e-02,6.680956e-03,2.040000e+01
-6.324878e-02,6.064950e-03,2.045000e+01
-6.183047e-02,5.453654e-03,2.050000e+01
-6.041243e-02,4.847053e-03,2.055000e+01
-5.899487e-02,4.245119e-03,2.060000e+01
-5.757801e-02,3.647811e-03,2.065000e+01
-5.616204e-02,3.055168e-03,2.070000e+01
-5.474727e-02,2.467801e-03,2.075000e+01
-5.333409e-02,1.885860e-03,2.080000e+01
-5.192293e-02,1.309385e-03,2.085000e+01
-5.051416e-02,7.384182e-04,2.090000e+01
-4.910816e-02,1.730016e-04,2.095000e+01
-4.770527e-02,-3.868197e-04,2.100000e+01
-4.630584e-02,-9.409992e-04,2.105000e+01
-4.491020e-02,-1.489489e-03,2.110000e+01
-4.351864e-02,-2.032239e-03,2.115000e+01
-4.213146e-02,-2.569197e-03,2.120000e+01
-4.074895e-02,-3.100310e-03,2.125000e+01
-3.937135e-02,-3.625524e-03,2.130000e+01
-3.799891e-02,-4.144780e-03,2.135000e+01
-3.663187e-02,-4.658022e-03,2.140000e+01
-3.527044e-02,-5.165187e-03,2.145000e+01
-3.391481e-02,-5.666214e-03,2.150000e+01
-3.256517e-02,-6.161040e-03,2.155000e+01
-3.122168e-02,-6.649599e-03,2.160000e+01
-2.988451e-02,-7.131823e-03,2.165000e+01
-2.855377e-02,-7.607644e-03,2.170000e+01
-2.722960e-02,-8.076991e-03,2.175000e+01
-2.591209e-02,-8.539780e-03,2.180000e+01
-2.460153e-02,-8.995682e-03,2.185000e+01
-2.329826e-02,-9.444650e-03,2.190000e+01
-2.200262e-02,-9.886775e-03,2.195000e+01
-2.071489e-02,-1.032214e-02,2.200000e+01
-1.943537e-02,-1.075080e-02,2.205000e+01
-1.816433e-02,-1.117282e-02,2.210000e+01
-1.690202e-02,-1.158825e-02,2.215000e+01
-1.564868e-02,-1.199712e-02,2.220000e+01
-1.440454e-02,-1.239945e-02,2.225000e+01
-1.316980e-02,-1.279526e-02,2.230000e+01
-1.194465e-02,-1.318453e-02,2.235000e+01
-1.072927e-02,-1.356726e-02,2.240000e+01
-9.523819e-03,-1.394343e-02,2.245000e+01
-8.328434e-03,-1.431300e-02,2.250000e+01
-7.143244e-03,-1.467592e-02,2.255000e+01
-5.968362e-03,-1.503214e-02,2.260000e+01
-4.803880e-03,-1.538159e-02,2.265000e+01
-3.649879e-03,-1.572418e-02,2.270000e+01
-2.506421e-03,-1.605983e-02,2.275000e+01
-1.373552e-03,-1.638843e-02,2.280000e+01
-2.513043e-04,-1.670986e-02,2.285000e+01
8.603085e-04,-1.702400e-02,2.290000e+01
1.961045e-03,-1.733072e-02,2.295000e+01
3.050519e-03,-1.763007e-02,2.300000e+01
4.128541e-03,-1.792221e-02,2.305000e+01
5.194933e-03,-1.820728e-02,2.310000e+01
6.249528e-03,-1.848540e-02,2.315000e+01
7.292170e-03,-1.875668e-02,2.320000e+01
8.322718e-03,-1.902121e-02,2.325000e+01
9.341039e-03,-1.927905e-02,2.330000e+01
1.034701e-02,-1.953027e-02,2.335000e+01
1.134053e-02,-1.977492e-02,2.340000e+01
1.232151e-02,-2.001301e-02,2.345000e+01
1.328984e-02,-2.024456e-02,2.350000e+01
1.424548e-02,-2.046956e-02,2.355000e+01
1.518834e-02,-2.068799e-02,2.360000e+01
1.611839e-02,-2.089982e-02,2.365000e+01
1.703559e-02,-2.110498e-02,2.370000e+01
1.793991e-02,-2.130342e-02,2.375000e+01
1.883134e-02,-2.149504e-02,2.380000e+01
1.970987e-02,-2.167974e-02,2.385000e+01
2.057553e-02,-2.185741e-02,2.390000e+01
2.142827e-02,-2.202794e-02,2.395000e+01
2.226782e-02,-2.219139e-02,2.400000e+01
2.309407e-02,-2.234794e-02,2.405000e+01
2.390693e-02,-2.249777e-02,2.410000e+01
2.470635e-02,-2.264103e-02,2.415000e+01
2.549225e-02,-2.277785e-02,2.420000e+01
2.626458e-02,-2.290835e-02,2.425000e+01
2.702330e-02,-2.303263e-02,2.430000e+01
2.776836e-02,-2.315076e-02,2.435000e+01
2.849974e-02,-2.326282e-02,2.440000e+01
2.921741e-02,-2.336886e-02,2.445000e+01
2.992136e-02,-2.346890e-02,2.450000e+01
3.061158e-02,-2.356295e-02,2.455000e+01
3.128808e-02,-2.365102e-02,2.460000e+01
3.195085e-02,-2.373308e-02,2.465000e+01
3.259993e-02,-2.380909e-02,2.470000e+01
3.323534e-02,-2.387900e-02,2.475000e+01
3.385710e-02,-2.394274e-02,2.480000e+01
3.446527e-02,-2.400021e-02,2.485000e+01
3.505988e-02,-2.405131e-02,2.490000e+01
3.564080e-02,-2.409611e-02,2.495000e+01
3.620797e-02,-2.413480e-02,2.500000e+01
3.676139e-02,-2.416756e-02,2.505000e+01
3.730108e-02,-2.419455e-02,2.510000e+01
3.782704e-02,-2.421591e-02,2.515000e+01
3.833929e-02,-2.423176e-02,2.520000e+01
3.883786e-02,-2.424223e-02,2.525000e+01
3.932277e-02,-2.424739e-02,2.530000e+01
3.979404e-02,-2.424732e-02,2.535000e+01
4.025173e-02,-2.424210e-02,2.540000e+01
4.069586e-02,-2.423175e-02,2.545000e+01
4.112648e-02,-2.421630e-02,2.550000e+01
4.154365e-02,-2.419577e-02,2.555000e+01
4.194742e-02,-2.417015e-02,2.560000e+01
4.233785e-02,-2.413941e-02,2.565000e+01
4.271500e-02,-2.410352e-02,2.570000e+01
4.307894e-02,-2.406241e-02,2.575000e+01
4.342976e-02,-2.401601e-02,2.580000e+01
4.376744e-02,-2.396434e-02,2.585000e+01
4.409195e-02,-2.390759e-02,2.590000e+01
4.440338e-02,-2.384593e-02,2.595000e+01
4.470177e-02,-2.377951e-02,2.600000e+01
4.498720e-02,-2.370848e-02,2.605000e+01
4.525975e-02,-2.363295e-02,2.610000e+01
4.551948e-02,-2.355304e-02,2.615000e+01
4.576647e-02,-2.346884e-02,2.620000e+01
4.600079e-02,-2.338044e-02,2.625000e+01
4.622253e-02,-2.328789e-02,2.630000e+01
4.643176e-02,-2.319125e-02,2.635000e+01
4.662857e-02,-2.309055e-02,2.640000e+01
4.681304e-02,-2.298582e-02,2.645000e+01
4.698526e-02,-2.287706e-02,2.650000e+01
4.714532e-02,-2.276427e-02,2.655000e+01
4.729331e-02,-2.264743e-02,2.660000e+01
4.742932e-02,-2.252649e-02,2.665000e+01
4.755343e-02,-2.240143e-02,2.670000e+01
4.766566e-02,-2.227242e-02,2.675000e+01
4.776611e-02,-2.213962e-02,2.680000e+01
4.785489e-02,-2.200315e-02,2.685000e+01
4.793210e-02,-2.186315e-02,2.690000e+01
4.799785e-02,-2.171973e-02,2.695000e+01
4.805226e-02,-2.157299e-02,2.700000e+01
4.809543e-02,-2.142302e-02,2.705000e+01
4.812746e-02,-2.126989e-02,2.710000e+01
4.814846e-02,-2.111368e-02,2.715000e+01
4.815854e-02,-2.095443e-02,2.720000e+01
4.815781e-02,-2.079219e-02,2.725000e+01
4.814637e-02,-2.062698e-02,2.730000e+01
4.812434e-02,-2.045883e-02,2.735000e+01
4.809180e-02,-2.028775e-02,2.740000e+01
4.804888e-02,-2.011372e-02,2.745000e+01
4.799566e-02,-1.993675e-02,2.750000e+01
4.793225e-02,-1.975698e-02,2.755000e+01
4.785875e-02,-1.957455e-02,2.760000e+01
4.777531e-02,-1.938955e-02,2.765000e+01
4.768204e-02,-1.920209e-02,2.770000e+01
4.757909e-02,-1.901225e-02,2.775000e+01
4.746657e-02,-1.882013e-02,2.780000e+01
4.734461e-02,-1.862578e-02,2.785000e+01
4.721334e-02,-1.842927e-02,2.790000e+01
4.707286e-02,-1.823067e-02,2.795000e+01
4.692331e-02,-1.803003e-02,2.800000e+01
4.676481e-02,-1.782737e-02,2.805000e+01
4.659745e-02,-1.762275e-02,2.810000e+01
4.642137e-02,-1.741618e-02,2.815000e+01
4.623667e-02,-1.720768e-02,2.820000e+01
4.604345e-02,-1.699729e-02,2.825000e+01
4.584185e-02,-1.678513e-02,2.830000e+01
4.563202e-02,-1.657130e-02,2.835000e+01
4.541411e-02,-1.635592e-02,2.840000e+01
4.518824e-02,-1.613908e-02,2.845000e+01
4.495457e-02,-1.592086e-02,2.850000e+01
4.471322e-02,-1.570135e-02,2.855000e+01
4.446434e-02,-1.548061e-02,2.860000e+01
4.420806e-02,-1.525871e-02,2.865000e+01
4.394450e-02,-1.503570e-02,2.870000e+01
4.367380e-02,-1.481162e-02,2.875000e+01
4.339608e-02,-1.458651e-02,2.880000e+01
4.311146e-02,-1.436040e-02,2.885000e+01
4.282008e-02,-1.413331e-02,2.890000e+01
4.252205e-02,-1.390525e-02,2.895000e+01
4.221748e-02,-1.367621e-02,2.900000e+01
4.190648e-02,-1.344624e-02,2.905000e+01
4.158917e-02,-1.321544e-02,2.910000e+01
4.126571e-02,-1.298392e-02,2.915000e+01
4.093626e-02,-1.275179e-02,2.920000e+01
4.060096e-02,-1.251915e-02,2.925000e+01
4.025995e-02,-1.228609e-02,2.930000e+01
3.991339e-02,-1.205268e-02,2.935000e+01
3.956140e-02,-1.181900e-02,2.940000e+01
3.920414e-02,-1.158512e-02,2.945000e+01
3.884173e-02,-1.135110e-02,2.950000e+01
3.847431e-02,-1.111697e-02,2.955000e+01
3.810201e-02,-1.088279e-02,2.960000e+01
3.772495e-02,-1.064859e-02,2.965000e+01
3.734327e-02,-1.041440e-02,2.970000e+01
3.695709e-02,-1.018022e-02,2.975000e+01
3.656653e-02,-9.946074e-03,2.980000e+01
3.617170e-02,-9.711960e-03,2.985000e+01
3.577272e-02,-9.477872e-03,2.990000e+01
3.536970e-02,-9.243809e-03,2.995000e+01
3.496270e-02,-9.009857e-03,3.000000e+01
3.455189e-02,-8.776117e-03,3.005000e+01
3.413742e-02,-8.542684e-03,3.010000e+01
3.371944e-02,-8.309647e-03,3.015000e+01
3.329809e-02,-8.077086e-03,3.020000e+01
3.287353e-02,-7.845079e-03,3.025000e+01
3.244589e-02,-7.613696e-03,3.030000e+01
3.201530e-02,-7.382999e-03,3.035000e+01
3.158191e-02,-7.153046e-03,3.040000e+01
3.114585e-02,-6.923889e-03,3.045000e+01
3.070723e-02,-6.695571e-03,3.050000e+01
3.026619e-02,-6.468133e-03,3.055000e+01
2.982285e-02,-6.241607e-03,3.060000e+01
2.937732e-02,-6.016018e-03,3.065000e+01
2.892972e-02,-5.791388e-03,3.070000e+01
2.848015e-02,-5.567730e-03,3.075000e+01
2.802873e-02,-5.345052e-03,3.080000e+01
2.757556e-02,-5.123356e-03,3.085000e+01
2.712074e-02,-4.902637e-03,3.090000e+01
2.666436e-02,-4.682884e-03,3.095000e+01
2.620651e-02,-4.464089e-03,3.100000e+01
2.574717e-02,-4.246339e-03,3.105000e+01
2.528647e-02,-4.029720e-03,3.110000e+01
2.482458e-02,-3.814296e-03,3.115000e+01
2.436166e-02,-3.600130e-03,3.120000e+01
2.389786e-02,-3.387282e-03,3.125000e+01
2.343334e-02,-3.175805e-03,3.130000e+01
2.296824e-02,-2.965753e-03,3.135000e+01
2.250269e-02,-2.757173e-03,3.140000e+01
2.203684e-02,-2.550111e-03,3.145000e+01
2.157080e-02,-2.344606e-03,3.150000e+01
2.110471e-02,-2.140698e-03,3.155000e+01
2.063867e-02,-1.938420e-03,3.160000e+01
2.017280e-02,-1.737802e-03,3.165000e+01
1.970720e-02,-1.538872e-03,3.170000e+01
1.924198e-02,-1.341654e-03,3.175000e+01
1.877721e-02,-1.146166e-03,3.180000e+01
1.831301e-02,-9.524257e-04,3.185000e+01
1.784944e-02,-7.604457e-04,3.190000e+01
1.738658e-02,-5.702354e-04,3.195000e+01
1.692451e-02,-3.818005e-04,3.200000e+01
1.646329e-02,-1.951432e-04,3.205000e+01
1.600298e-02,-1.026223e-05,3.210000e+01
1.554364e-02,1.728472e-04,3.215000e+01
1.508531e-02,3.541936e-04,3.220000e+01
1.462805e-02,5.337889e-04,3.225000e+01
1.417188e-02,7.116484e-04,3.230000e+01
1.371690e-02,8.876535e-04,3.235000e+01
1.326331e-02,1.061637e-03,3.240000e+01
1.281121e-02,1.233603e-03,3.245000e+01
1.236072e-02,1.403553e-03,3.250000e+01
1.191193e-02,1.571487e-03,3.255000e+01
1.146497e-02,1.737404e-03,3.260000e+01
1.101991e-02,1.901300e-03,3.265000e+01
1.057687e-02,2.063168e-03,3.270000e+01
1.013591e-02,2.223003e-03,3.275000e+01
9.697139e-03,2.380794e-03,3.280000e+01
9.260621e-03,2.536529e-03,3.285000e+01
8.826434e-03,2.690197e-03,3.290000e+01
8.394649e-03,2.841780e-03,3.295000e+01
7.965328e-03,2.991263e-03,3.300000e+01
7.538533e-03,3.138627e-03,3.305000e+01
7.114318e-03,3.283850e-03,3.310000e+01
6.692734e-03,3.426909e-03,3.315000e+01
6.273827e-03,3.567780e-03,3.320000e+01
5.857638e-03,3.706436e-03,3.325000e+01
5.444203e-03,3.842848e-03,3.330000e+01
5.033554e-03,3.976986e-03,3.335000e+01
4.625746e-03,4.108790e-03,3.340000e+01
4.220890e-03,4.238220e-03,3.345000e+01
3.819074e-03,4.365313e-03,3.350000e+01
3.420384e-03,4.490103e-03,3.355000e+01
3.024895e-03,4.612621e-03,3.360000e+01
2.632684e-03,4.732893e-03,3.365000e+01
2.243819e-03,4.850939e-03,3.370000e+01
1.858364e-03,4.966777e-03,3.375000e+01
1.476382e-03,5.080419e-03,3.380000e+01
1.097926e-03,5.191874e-03,3.385000e+01
7.230488e-04,5.301146e-03,3.390000e+01
3.517964e-04,5.408233e-03,3.395000e+01
-1.578916e-05,5.513132e-03,3.400000e+01
-3.796703e-04,5.615833e-03,3.405000e+01
-7.398142e-04,5.716322e-03,3.410000e+01
-1.096193e-03,5.814582e-03,3.415000e+01
-1.448782e-03,5.910590e-03,3.420000e+01
-1.797563e-03,6.004320e-03,3.425000e+01
-2.142520e-03,6.095741e-03,3.430000e+01
-2.483645e-03,6.184817e-03,3.435000e+01
-2.820931e-03,6.271509e-03,3.440000e+01
-3.154343e-03,6.355775e-03,3.445000e+01
-3.483769e-03,6.437627e-03,3.450000e+01
-3.809155e-03,6.517121e-03,3.455000e+01
-4.130456e-03,6.594307e-03,3.460000e+01
-4.447627e-03,6.669230e-03,3.465000e+01
-4.760629e-03,6.741929e-03,3.470000e+01
-5.069427e-03,6.812439e-03,3.475000e+01
-5.373987e-03,6.880789e-03,3.480000e+01
-5.674280e-03,6.947000e-03,3.485000e+01
-5.970279e-03,7.011092e-03,3.490000e+01
-6.261963e-03,7.073075e-03,3.495000e+01
-6.549313e-03,7.132957e-03,3.500000e+01
-6.832312e-03,7.190738e-03,3.505000e+01
-7.110948e-03,7.246415e-03,3.510000e+01
-7.385213e-03,7.299977e-03,3.515000e+01
-7.655102e-03,7.351409e-03,3.520000e+01
-7.920611e-03,7.400691e-03,3.525000e+01
-8.181744e-03,7.447795e-03,3.530000e+01
-8.438504e-03,7.492691e-03,3.535000e+01
-8.690901e-03,7.535340e-03,3.540000e+01
-8.938912e-03,7.575717e-03,3.545000e+01
-9.182468e-03,7.613868e-03,3.550000e+01
-9.421548e-03,7.649854e-03,3.555000e+01
-9.656139e-03,7.683731e-03,3.560000e+01
-9.886228e-03,7.715548e-03,3.565000e+01
-1.011180e-02,7.745349e-03,3.570000e+01
-1.033286e-02,7.773173e-03,3.575000e+01
-1.054939e-02,7.799051e-03,3.580000e+01
-1.076139e-02,7.823011e-03,3.585000e+01
-1.096886e-02,7.845075e-03,3.590000e+01
-1.117180e-02,7.865257e-03,3.595000e+01
-1.137021e-02,7.883568e-03,3.600000e+01
-1.156411e-02,7.900011e-03,3.605000e+01
-1.175348e-02,7.914587e-03,3.610000e+01
-1.193836e-02,7.927287e-03,3.615000e+01
-1.211874e-02,7.938099e-03,3.620000e+01
-1.229465e-02,7.947005e-03,3.625000e+01
-1.246609e-02,7.953980e-03,3.630000e+01
-1.263310e-02,7.958995e-03,3.635000e+01
-1.279565e-02,7.962040e-03,3.640000e+01
-1.295373e-02,7.963176e-03,3.645000e+01
-1.310733e-02,7.962463e-03,3.650000e+01
-1.325647e-02,7.959954e-03,3.655000e+01
-1.340116e-02,7.955698e-03,3.660000e+01
-1.354141e-02,7.949738e-03,3.665000e+01
-1.367724e-02,7.942113e-03,3.670000e+01
-1.380865e-02,7.932854e-03,3.675000e+01
-1.393568e-02,7.921989e-03,3.680000e+01
-1.405832e-02,7.909541e-03,3.685000e+01
-1.417660e-02,7.895525e-03,3.690000e+01
-1.429055e-02,7.879955e-03,3.695000e+01
-1.440017e-02,7.862836e-03,3.700000e+01
-1.450550e-02,7.844170e-03,3.705000e+01
-1.460656e-02,7.823951e-03,3.710000e+01
-1.470337e-02,7.802171e-03,3.715000e+01
-1.479595e-02,7.778815e-03,3.720000e+01
-1.488434e-02,7.753863e-03,3.725000e+01
-1.496854e-02,7.727314e-03,3.730000e+01
-1.504855e-02,7.699232e-03,3.735000e+01
-1.512440e-02,7.669669e-03,3.740000e+01
-1.519611e-02,7.638676e-03,3.745000e+01
-1.526371e-02,7.606296e-03,3.750000e+01
-1.532724e-02,7.572568e-03,3.755000e+01
-1.538672e-02,7.537528e-03,3.760000e+01
-1.544217e-02,7.501206e-03,3.765000e+01
-1.549363e-02,7.463628e-03,3.770000e+01
-1.554113e-02,7.424816e-03,3.775000e+01
-1.558470e-02,7.384788e-03,3.780000e+01
-1.562437e-02,7.343555e-03,3.785000e+01
-1.566017e-02,7.301126e-03,3.790000e+01
-1.569212e-02,7.257505e-03,3.795000e+01
-1.572027e-02,7.212690e-03,3.800000e+01
-1.574464e-02,7.166676e-03,3.805000e+01
-1.576527e-02,7.119453e-03,3.810000e+01
-1.578218e-02,7.071031e-03,3.815000e+01
-1.579538e-02,7.021469e-03,3.820000e+01
-1.580493e-02,6.970812e-03,3.825000e+01
-1.581085e-02,6.919099e-03,3.830000e+01
-1.581319e-02,6.866369e-03,3.835000e+01
-1.581198e-02,6.812653e-03,3.840000e+01
-1.580726e-02,6.757982e-03,3.845000e+01
-1.579908e-02,6.702383e-03,3.850000e+01
-1.578746e-02,6.645878e-03,3.855000e+01
-1.577244e-02,6.588488e-03,3.860000e+01
-1.575407e-02,6.530227e-03,3.865000e+01
-1.573238e-02,6.471109e-03,3.870000e+01
-1.570740e-02,6.411143e-03,3.875000e+01
-1.567917e-02,6.350335e-03,3.880000e+01
-1.564772e-02,6.288687e-03,3.885000e+01
-1.561310e-02,6.226199e-03,3.890000e+01
-1.557533e-02,6.162902e-03,3.895000e+01
-1.553446e-02,6.098839e-03,3.900000e+01
-1.549052e-02,6.034045e-03,3.905000e+01
-1.544357e-02,5.968554e-03,3.910000e+01
-1.539364e-02,5.902397e-03,3.915000e+01
-1.534079e-02,5.835601e-03,3.920000e+01
-1.528505e-02,5.768192e-03,3.925000e+01
-1.522646e-02,5.700192e-03,3.930000e+01
-1.516507e-02,5.631622e-03,3.935000e+01
-1.510092e-02,5.562498e-03,3.940000e+01
-1.503405e-02,5.492834e-03,3.945000e+01
-1.496450e-02,5.422644e-03,3.950000e+01
-1.489231e-02,5.351935e-03,3.955000e+01
-1.481751e-02,5.280713e-03,3.960000e+01
-1.474015e-02,5.208983e-03,3.965000e+01
-1.466025e-02,5.136758e-03,3.970000e+01
-1.457786e-02,5.064075e-03,3.975000e+01
-1.449304e-02,4.990972e-03,3.980000e+01
-1.440583e-02,4.917485e-03,3.985000e+01
-1.431627e-02,4.843644e-03,3.990000e+01
-1.422442e-02,4.769479e-03,3.995000e+01
-1.413033e-02,4.695017e-03,4.000000e+01
-1.403402e-02,4.620281e-03,4.005000e+01
-1.393556e-02,4.545291e-03,4.010000e+01
-1.383499e-02,4.470067e-03,4.015000e+01
-1.373234e-02,4.394623e-03,4.020000e+01
-1.362766e-02,4.318971e-03,4.025000e+01
-1.352099e-02,4.243122e-03,4.030000e+01
-1.341238e-02,4.167082e-03,4.035000e+01
-1.330186e-02,4.090855e-03,4.040000e+01
-1.318948e-02,4.014444e-03,4.045000e+01
-1.307526e-02,3.937846e-03,4.050000e+01
-1.295925e-02,3.861074e-03,4.055000e+01
-1.284148e-02,3.784163e-03,4.060000e+01
-1.272200e-02,3.707150e-03,4.065000e+01
-1.260087e-02,3.630066e-03,4.070000e+01
-1.247814e-02,3.552944e-03,4.075000e+01
-1.235384e-02,3.475812e-03,4.080000e+01
-1.222804e-02,3.398694e-03,4.085000e+01
-1.210077e-02,3.321616e-03,4.090000e+01
-1.197209e-02,3.244597e-03,4.095000e+01
-1.184202e-02,3.167657e-03,4.100000e+01
-1.171063e-02,3.090812e-03,4.105000e+01
-1.157795e-02,3.014076e-03,4.110000e+01
-1.144402e-02,2.937460e-03,4.115000e+01
-1.130889e-02,2.860973e-03,4.120000e+01
-1.117259e-02,2.784621e-03,4.125000e+01
-1.103516e-02,2.708409e-03,4.130000e+01
-1.089665e-02,2.632339e-03,4.135000e+01
-1.075708e-02,2.556409e-03,4.140000e+01
-1.061649e-02,2.480617e-03,4.145000e+01
-1.047492e-02,2.404963e-03,4.150000e+01
-1.033238e-02,2.329477e-03,4.155000e+01
-1.018893e-02,2.254189e-03,4.160000e+01
-1.004461e-02,2.179127e-03,4.165000e+01
-9.899481e-03,2.104317e-03,4.170000e+01
-9.753582e-03,2.029783e-03,4.175000e+01
-9.606963e-03,1.955548e-03,4.180000e+01
-9.459669e-03,1.881633e-03,4.185000e+01
-9.311747e-03,1.808056e-03,4.190000e+01
-9.163238e-03,1.734836e-03,4.195000e+01
-9.014184e-03,1.661987e-03,4.200000e+01
-8.864626e-03,1.589524e-03,4.205000e+01
-8.714604e-03,1.517460e-03,4.210000e+01
-8.564155e-03,1.445804e-03,4.215000e+01
-8.413315e-03,1.374566e-03,4.220000e+01
-8.262121e-03,1.303752e-03,4.225000e+01
-8.110606e-03,1.233369e-03,4.230000e+01
-7.958804e-03,1.163420e-03,4.235000e+01
-7.806744e-03,1.093907e-03,4.240000e+01
-7.654459e-03,1.024831e-03,4.245000e+01
-7.501976e-03,9.561895e-04,4.250000e+01
-7.349323e-03,8.879801e-04,4.255000e+01
-7.196526e-03,8.201979e-04,4.260000e+01
-7.043577e-03,7.528646e-04,4.265000e+01
-6.890470e-03,6.860278e-04,4.270000e+01
-6.737267e-03,6.197010e-04,4.275000e+01
-6.584025e-03,5.538965e-04,4.280000e+01
-6.430801e-03,4.886260e-04,4.285000e+01
-6.277648e-03,4.239010e-04,4.290000e+01
-6.124619e-03,3.597321e-04,4.295000e+01
-5.971761e-03,2.961295e-04,4.300000e+01
-5.819121e-03,2.331030e-04,4.305000e+01
-5.666743e-03,1.706617e-04,4.310000e+01
-5.514668e-03,1.088141e-04,4.315000e+01
-5.362935e-03,4.756826e-05,4.320000e+01
-5.211582e-03,-1.306824e-05,4.325000e+01
-5.060641e-03,-7.308846e-05,4.330000e+01
-4.910145e-03,-1.324860e-04,4.335000e+01
-4.760123e-03,-1.912549e-04,4.340000e+01
-4.610602e-03,-2.493899e-04,4.345000e+01
-4.461605e-03,-3.068861e-04,4.350000e+01
-4.313154e-03,-3.637393e-04,4.355000e+01
-4.165270e-03,-4.199458e-04,4.360000e+01
-4.017968e-03,-4.755024e-04,4.365000e+01
-3.871264e-03,-5.304063e-04,4.370000e+01
-3.725169e-03,-5.846556e-04,4.375000e+01
-3.579693e-03,-6.382486e-04,4.380000e+01
-3.434843e-03,-6.911844e-04,4.385000e+01
-3.290624e-03,-7.434623e-04,4.390000e+01
-3.147037e-03,-7.950826e-04,4.395000e+01
-3.004083e-03,-8.460458e-04,4.400000e+01
-2.861758e-03,-8.963529e-04,4.405000e+01
-2.720110e-03,-9.459493e-04,4.410000e+01
-2.579215e-03,-9.947852e-04,4.415000e+01
-2.439111e-03,-1.042872e-03,4.420000e+01
-2.299836e-03,-1.090221e-03,4.425000e+01
-2.161425e-03,-1.136840e-03,4.430000e+01
-2.023909e-03,-1.182737e-03,4.435000e+01
-1.887319e-03,-1.227919e-03,4.440000e+01
-1.751685e-03,-1.272391e-03,4.445000e+01
-1.617032e-03,-1.316156e-03,4.450000e+01
-1.483385e-03,-1.359218e-03,4.455000e+01
-1.350768e-03,-1.401577e-03,4.460000e+01
-1.219200e-03,-1.443234e-03,4.465000e+01
-1.088701e-03,-1.484187e-03,4.470000e+01
-9.592861e-04,-1.524434e-03,4.475000e+01
-8.309714e-04,-1.563970e-03,4.480000e+01
-7.037692e-04,-1.602791e-03,4.485000e+01
-5.776902e-04,-1.640891e-03,4.490000e+01
-4.527432e-04,-1.678260e-03,4.495000e+01
-3.289349e-04,-1.714892e-03,4.500000e+01
-2.062700e-04,-1.750774e-03,4.505000e+01
-8.475127e-05,-1.785895e-03,4.510000e+01
3.562041e-05,-1.820243e-03,4.515000e+01
1.548463e-04,-1.853804e-03,4.520000e+01
2.729253e-04,-1.886561e-03,4.525000e+01
3.898009e-04,-1.918511e-03,4.530000e+01
5.054386e-04,-1.949670e-03,4.535000e+01
6.198185e-04,-1.980053e-03,4.540000e+01
7.329224e-04,-2.009675e-03,4.545000e+01
8.447329e-04,-2.038549e-03,4.550000e+01
9.552343e-04,-2.066687e-03,4.555000e+01
1.064412e-03,-2.094096e-03,4.560000e+01
1.172252e-03,-2.120785e-03,4.565000e+01
1.278743e-03,-2.146760e-03,4.570000e+01
1.383874e-03,-2.172025e-03,4.575000e+01
1.487635e-03,-2.196583e-03,4.580000e+01
1.590019e-03,-2.220433e-03,4.585000e+01
1.691017e-03,-2.243576e-03,4.590000e+01
1.790625e-03,-2.266008e-03,4.595000e+01
1.888837e-03,-2.287725e-03,4.600000e+01
1.985651e-03,-2.308720e-03,4.605000e+01
2.081064e-03,-2.328986e-03,4.610000e+01
2.175077e-03,-2.348514e-03,4.615000e+01
2.267689e-03,-2.367291e-03,4.620000e+01
2.358902e-03,-2.385305e-03,4.625000e+01
2.448699e-03,-2.402550e-03,4.630000e+01
2.537058e-03,-2.419043e-03,4.635000e+01
2.623969e-03,-2.434805e-03,4.640000e+01
2.709426e-03,-2.449852e-03,4.645000e+01
2.793421e-03,-2.464200e-03,4.650000e+01
2.875949e-03,-2.477863e-03,4.655000e+01
2.957005e-03,-2.490852e-03,4.660000e+01
3.036584e-03,-2.503179e-03,4.665000e+01
3.114683e-03,-2.514851e-03,4.670000e+01
3.191301e-03,-2.525875e-03,4.675000e+01
3.266434e-03,-2.536254e-03,4.680000e+01
3.340083e-03,-2.545992e-03,4.685000e+01
3.412248e-03,-2.555090e-03,4.690000e+01
3.482929e-03,-2.563545e-03,4.695000e+01
3.552129e-03,-2.571356e-03,4.700000e+01
3.619849e-03,-2.578517e-03,4.705000e+01
3.686095e-03,-2.585022e-03,4.710000e+01
3.750870e-03,-2.590862e-03,4.715000e+01
3.814179e-03,-2.596026e-03,4.720000e+01
3.876019e-03,-2.600510e-03,4.725000e+01
3.936376e-03,-2.604332e-03,4.730000e+01
3.995250e-03,-2.607513e-03,4.735000e+01
4.052643e-03,-2.610069e-03,4.740000e+01
4.108555e-03,-2.612019e-03,4.745000e+01
4.162989e-03,-2.613376e-03,4.750000e+01
4.215948e-03,-2.614152e-03,4.755000e+01
4.267434e-03,-2.614359e-03,4.760000e+01
4.317452e-03,-2.614006e-03,4.765000e+01
4.366004e-03,-2.613100e-03,4.770000e+01
4.413097e-03,-2.611647e-03,4.775000e+01
4.458734e-03,-2.609650e-03,4.780000e+01
4.502921e-03,-2.607112e-03,4.785000e+01
4.545665e-03,-2.604032e-03,4.790000e+01
4.586972e-03,-2.600409e-03,4.795000e+01
4.626849e-03,-2.596239e-03,4.800000e+01
4.665303e-03,-2.591518e-03,4.805000e+01
4.702343e-03,-2.586237e-03,4.810000e+01
4.737974e-03,-2.580392e-03,4.815000e+01
4.772190e-03,-2.573999e-03,4.820000e+01
4.804998e-03,-2.567076e-03,4.825000e+01
4.836404e-03,-2.559642e-03,4.830000e+01
4.866417e-03,-2.551711e-03,4.835000e+01
4.895044e-03,-2.543297e-03,4.840000e+01
4.922293e-03,-2.534414e-03,4.845000e+01
4.948173e-03,-2.525072e-03,4.850000e+01
4.972692e-03,-2.515279e-03,4.855000e+01
4.995859e-03,-2.505045e-03,4.860000e+01
5.017682e-03,-2.494374e-03,4.865000e+01
5.038171e-03,-2.483272e-03,4.870000e+01
5.057335e-03,-2.471741e-03,4.875000e+01
5.075183e-03,-2.459783e-03,4.880000e+01
5.091726e-03,-2.447398e-03,4.885000e+01
5.106972e-03,-2.434583e-03,4.890000e+01
5.120932e-03,-2.421336e-03,4.895000e+01
5.133616e-03,-2.407653e-03,4.900000e+01
5.145027e-03,-2.393538e-03,4.905000e+01
5.155173e-03,-2.379011e-03,4.910000e+01
5.164065e-03,-2.364089e-03,4.915000e+01
5.171717e-03,-2.348786e-03,4.920000e+01
5.178138e-03,-2.333116e-03,4.925000e+01
5.183342e-03,-2.317092e-03,4.930000e+01
5.187339e-03,-2.300725e-03,4.935000e+01
5.190142e-03,-2.284024e-03,4.940000e+01
5.191762e-03,-2.266998e-03,4.945000e+01
5.192211e-03,-2.249654e-03,4.950000e+01
5.191502e-03,-2.231996e-03,4.955000e+01
5.189645e-03,-2.214029e-03,4.960000e+01
5.186654e-03,-2.195757e-03,4.965000e+01
5.182539e-03,-2.177179e-03,4.970000e+01
5.177313e-03,-2.158296e-03,4.975000e+01
5.170987e-03,-2.139107e-03,4.980000e+01
5.163574e-03,-2.119608e-03,4.985000e+01
5.155085e-03,-2.099816e-03,4.990000e+01
5.145532e-03,-2.079752e-03,4.995000e+01
