x,u,t
0.000000e+00,0.000000e+00,0.000000e+00
5.853462e-06,1.361195e-04,5.000000e-02
4.650736e-05,5.365461e-04,1.000000e-01
1.563491e-04,1.187314e-03,1.500000e-01
3.688736e-04,2.072161e-03,2.000000e-01
7.163342e-04,3.172767e-03,2.500000e-01
1.229733e-03,4.468809e-03,3.000000e-01
1.938922e-03,5.938209e-03,3.500000e-01
2.872488e-03,7.557153e-03,4.000000e-01
4.057240e-03,9.300755e-03,4.500000e-01
5.518161e-03,1.114314e-02,5.000000e-01
7.278360e-03,1.305775e-02,5.500000e-01
9.359433e-03,1.501692e-02,6.000000e-01
1.178112e-02,1.699245e-02,6.500000e-01
1.456092e-02,1.895642e-02,7.000000e-01
1.771411e-02,2.088116e-02,7.500000e-01
2.125374e-02,2.273931e-02,8.000000e-01
2.519070e-02,2.450461e-02,8.500000e-01
2.953424e-02,2.614985e-02,9.000000e-01
3.429156e-02,2.764857e-02,9.500000e-01
3.946756e-02,2.897596e-02,1.000000e+00
4.506492e-02,3.010888e-02,1.050000e+00
5.108403e-02,3.102586e-02,1.100000e+00
5.752305e-02,3.170711e-02,1.150000e+00
6.437800e-02,3.213462e-02,1.200000e+00
7.164394e-02,3.229229e-02,1.250000e+00
7.931346e-02,3.216377e-02,1.300000e+00
8.737735e-02,3.173476e-02,1.350000e+00
9.582488e-02,3.099347e-02,1.400000e+00
1.046439e-01,2.993060e-02,1.450000e+00
1.138206e-01,2.853934e-02,1.500000e+00
1.233397e-01,2.681538e-02,1.550000e+00
1.331847e-01,2.475690e-02,1.600000e+00
1.433372e-01,2.236459e-02,1.650000e+00
1.537799e-01,1.964030e-02,1.700000e+00
1.644934e-01,1.658675e-02,1.750000e+00
1.754556e-01,1.320911e-02,1.800000e+00
1.866444e-01,9.514461e-03,1.850000e+00
1.980377e-01,5.511818e-03,1.900000e+00
2.096130e-01,1.212093e-03,1.950000e+00
2.213480e-01,-3.371882e-03,2.000000e+00
2.332202e-01,-8.225364e-03,2.050000e+00
2.452073e-01,-1.333169e-02,2.100000e+00
2.572865e-01,-1.867230e-02,2.150000e+00
2.694353e-01,-2.422670e-02,2.200000e+00
2.816337e-01,-2.997615e-02,2.250000e+00
2.938625e-01,-3.590402e-02,2.300000e+00
3.060960e-01,-4.198597e-02,2.350000e+00
3.183101e-01,-4.819755e-02,2.400000e+00
3.304815e-01,-5.451448e-02,2.450000e+00
3.425886e-01,-6.091262e-02,2.500000e+00
3.546112e-01,-6.736798e-02,2.550000e+00
3.665301e-01,-7.385674e-02,2.600000e+00
3.783277e-01,-8.035521e-02,2.650000e+00
3.899879e-01,-8.683985e-02,2.700000e+00
4.014956e-01,-9.328728e-02,2.750000e+00
4.128374e-01,-9.967428e-02,2.800000e+00
4.240009e-01,-1.059778e-01,2.850000e+00
4.349753e-01,-1.121748e-01,2.900000e+00
4.457506e-01,-1.182452e-01,2.950000e+00
4.563140e-01,-1.241752e-01,3.000000e+00
4.666532e-01,-1.299416e-01,3.050000e+00
4.767572e-01,-1.355221e-01,3.100000e+00
4.866164e-01,-1.408962e-01,3.150000e+00
4.962225e-01,-1.460457e-01,3.200000e+00
5.055685e-01,-1.509540e-01,3.250000e+00
5.146488e-01,-1.556069e-01,3.300000e+00
5.234589e-01,-1.599919e-01,3.350000e+00
5.319958e-01,-1.640986e-01,3.400000e+00
5.402578e-01,-1.679185e-01,3.450000e+00
5.482445e-01,-1.714451e-01,3.500000e+00
5.559566e-01,-1.746740e-01,3.550000e+00
5.633966e-01,-1.776028e-01,3.600000e+00
5.705660e-01,-1.802298e-01,3.650000e+00
5.774608e-01,-1.825500e-01,3.700000e+00
5.840822e-01,-1.845598e-01,3.750000e+00
5.904321e-01,-1.862576e-01,3.800000e+00
5.965130e-01,-1.876433e-01,3.850000e+00
6.023274e-01,-1.887185e-01,3.900000e+00
6.078782e-01,-1.894861e-01,3.950000e+00
6.131686e-01,-1.899506e-01,4.000000e+00
6.182022e-01,-1.901182e-01,4.050000e+00
6.229825e-01,-1.899964e-01,4.100000e+00
6.275137e-01,-1.895945e-01,4.150000e+00
6.318000e-01,-1.889231e-01,4.200000e+00
6.358460e-01,-1.879945e-01,4.250000e+00
6.396567e-01,-1.868225e-01,4.300000e+00
6.432346e-01,-1.854172e-01,4.350000e+00
6.465821e-01,-1.837861e-01,4.400000e+00
6.497037e-01,-1.819423e-01,4.450000e+00
6.526038e-01,-1.798992e-01,4.500000e+00
6.552864e-01,-1.776700e-01,4.550000e+00
6.577552e-01,-1.752680e-01,4.600000e+00
6.600133e-01,-1.727065e-01,4.650000e+00
6.620636e-01,-1.699989e-01,4.700000e+00
6.639087e-01,-1.671586e-01,4.750000e+00
6.655504e-01,-1.641990e-01,4.800000e+00
6.669907e-01,-1.611336e-01,4.850000e+00
6.682308e-01,-1.579758e-01,4.900000e+00
6.692717e-01,-1.547393e-01,4.950000e+00
6.701140e-01,-1.514375e-01,5.000000e+00
6.707584e-01,-1.480810e-01,5.050000e+00
6.712060e-01,-1.446786e-01,5.100000e+00
6.714577e-01,-1.412434e-01,5.150000e+00
6.715139e-01,-1.377879e-01,5.200000e+00
6.713748e-01,-1.343234e-01,5.250000e+00
6.710406e-01,-1.308604e-01,5.300000e+00
6.705112e-01,-1.274084e-01,5.350000e+00
6.697862e-01,-1.239762e-01,5.400000e+00
6.688651e-01,-1.205713e-01,5.450000e+00
6.677473e-01,-1.172006e-01,5.500000e+00
6.664317e-01,-1.138699e-01,5.550000e+00
6.649174e-01,-1.105841e-01,5.600000e+00
6.632029e-01,-1.073474e-01,5.650000e+00
6.612868e-01,-1.041626e-01,5.700000e+00
6.591674e-01,-1.010320e-01,5.750000e+00
6.568431e-01,-9.795725e-02,5.800000e+00
6.543157e-01,-9.494331e-02,5.850000e+00
6.515846e-01,-9.199253e-02,5.900000e+00
6.486485e-01,-8.910594e-02,5.950000e+00
6.455066e-01,-8.628408e-02,6.000000e+00
6.421585e-01,-8.352703e-02,6.050000e+00
6.386039e-01,-8.083437e-02,6.100000e+00
6.348431e-01,-7.820523e-02,6.150000e+00
6.308767e-01,-7.563823e-02,6.200000e+00
6.267055e-01,-7.313155e-02,6.250000e+00
6.223308e-01,-7.068287e-02,6.300000e+00
6.177542e-01,-6.828938e-02,6.350000e+00
6.129775e-01,-6.594783e-02,6.400000e+00
6.080032e-01,-6.365446e-02,6.450000e+00
6.028341e-01,-6.140738e-02,6.500000e+00
5.974736e-01,-5.920592e-02,6.550000e+00
5.919235e-01,-5.704517e-02,6.600000e+00
5.861863e-01,-5.492038e-02,6.650000e+00
5.802648e-01,-5.282710e-02,6.700000e+00
5.741625e-01,-5.076118e-02,6.750000e+00
5.678831e-01,-4.871873e-02,6.800000e+00
5.614309e-01,-4.669617e-02,6.850000e+00
5.548108e-01,-4.469021e-02,6.900000e+00
5.480279e-01,-4.269782e-02,6.950000e+00
5.410880e-01,-4.071628e-02,7.000000e+00
5.339972e-01,-3.874315e-02,7.050000e+00
5.267623e-01,-3.677629e-02,7.100000e+00
5.193903e-01,-3.481382e-02,7.150000e+00
5.118888e-01,-3.285417e-02,7.200000e+00
5.042657e-01,-3.089614e-02,7.250000e+00
4.965264e-01,-2.894024e-02,7.300000e+00
4.886771e-01,-2.698473e-02,7.350000e+00
4.807251e-01,-2.502721e-02,7.400000e+00
4.726777e-01,-2.306580e-02,7.450000e+00
4.645424e-01,-2.109915e-02,7.500000e+00
4.563267e-01,-1.912642e-02,7.550000e+00
4.480382e-01,-1.714730e-02,7.600000e+00
4.396843e-01,-1.516200e-02,7.650000e+00
4.312727e-01,-1.317126e-02,7.700000e+00
4.228111e-01,-1.117633e-02,7.750000e+00
4.143072e-01,-9.178993e-03,7.800000e+00
4.057687e-01,-7.181554e-03,7.850000e+00
3.972035e-01,-5.186834e-03,7.900000e+00
3.886195e-01,-3.198181e-03,7.950000e+00
3.800244e-01,-1.219463e-03,8.000000e+00
3.714264e-01,7.449482e-04,8.050000e+00
3.628302e-01,2.693808e-03,8.100000e+00
3.542416e-01,4.626250e-03,8.150000e+00
3.456682e-01,6.539388e-03,8.200000e+00
3.371171e-01,8.430309e-03,8.250000e+00
3.285953e-01,1.029608e-02,8.300000e+00
3.201092e-01,1.213372e-02,8.350000e+00
3.116648e-01,1.394026e-02,8.400000e+00
3.032679e-01,1.571266e-02,8.450000e+00
2.949239e-01,1.744787e-02,8.500000e+00
2.866377e-01,1.914284e-02,8.550000e+00
2.784139e-01,2.079445e-02,8.600000e+00
2.702568e-01,2.239958e-02,8.650000e+00
2.621701e-01,2.395507e-02,8.700000e+00
2.541575e-01,2.545774e-02,8.750000e+00
2.462220e-01,2.690439e-02,8.800000e+00
2.383664e-01,2.829177e-02,8.850000e+00
2.305930e-01,2.961662e-02,8.900000e+00
2.229034e-01,3.087862e-02,8.950000e+00
2.152995e-01,3.207983e-02,9.000000e+00
2.077843e-01,3.321743e-02,9.050000e+00
2.003604e-01,3.428881e-02,9.100000e+00
1.930302e-01,3.529178e-02,9.150000e+00
1.857956e-01,3.622451e-02,9.200000e+00
1.786584e-01,3.708552e-02,9.250000e+00
1.716199e-01,3.787375e-02,9.300000e+00
1.646810e-01,3.858848e-02,9.350000e+00
1.578426e-01,3.922938e-02,9.400000e+00
1.511049e-01,3.979651e-02,9.450000e+00
1.444680e-01,4.029027e-02,9.500000e+00
1.379315e-01,4.071146e-02,9.550000e+00
1.314950e-01,4.106126e-02,9.600000e+00
1.251574e-01,4.134120e-02,9.650000e+00
1.189174e-01,4.155322e-02,9.700000e+00
1.127735e-01,4.169960e-02,9.750000e+00
1.067236e-01,4.178303e-02,9.800000e+00
1.007657e-01,4.180653e-02,9.850000e+00
9.489693e-02,4.177355e-02,9.900000e+00
8.911494e-02,4.168762e-02,9.950000e+00
8.342223e-02,4.154922e-02,1.000000e+01
7.781858e-02,4.136025e-02,1.005000e+01
7.230234e-02,4.112355e-02,1.010000e+01
6.687189e-02,4.084199e-02,1.015000e+01
6.152565e-02,4.051848e-02,1.020000e+01
5.626209e-02,4.015599e-02,1.025000e+01
5.107969e-02,3.975753e-02,1.030000e+01
4.597699e-02,3.932614e-02,1.035000e+01
4.095256e-02,3.886493e-02,1.040000e+01
3.600500e-02,3.837703e-02,1.045000e+01
3.113296e-02,3.786563e-02,1.050000e+01
2.633510e-02,3.733397e-02,1.055000e+01
2.161016e-02,3.678533e-02,1.060000e+01
1.695687e-02,3.622301e-02,1.065000e+01
1.237403e-02,3.565040e-02,1.070000e+01
7.860457e-03,3.507090e-02,1.075000e+01
3.415023e-03,3.448797e-02,1.080000e+01
-9.633783e-04,3.390512e-02,1.085000e+01
-5.275660e-03,3.332384e-02,1.090000e+01
-9.522605e-03,3.274440e-02,1.095000e+01
-1.370518e-02,3.217008e-02,1.100000e+01
-1.782431e-02,3.160393e-02,1.105000e+01
-2.188085e-02,3.104877e-02,1.110000e+01
-2.587562e-02,3.050717e-02,1.115000e+01
-2.980937e-02,2.998147e-02,1.120000e+01
-3.368281e-02,2.947376e-02,1.125000e+01
-3.749660e-02,2.898586e-02,1.130000e+01
-4.125132e-02,2.851938e-02,1.135000e+01
-4.494754e-02,2.807568e-02,1.140000e+01
-4.858573e-02,2.765585e-02,1.145000e+01
-5.216635e-02,2.726077e-02,1.150000e+01
-5.568977e-02,2.689104e-02,1.155000e+01
-5.915634e-02,2.654706e-02,1.160000e+01
-6.256632e-02,2.622894e-02,1.165000e+01
-6.591996e-02,2.593657e-02,1.170000e+01
-6.921741e-02,2.566960e-02,1.175000e+01
-7.245881e-02,2.542741e-02,1.180000e+01
-7.564422e-02,2.520917e-02,1.185000e+01
-7.877365e-02,2.501379e-02,1.190000e+01
-8.184795e-02,2.484167e-02,1.195000e+01
-8.486850e-02,2.469464e-02,1.200000e+01
-8.783528e-02,2.457191e-02,1.205000e+01
-9.074833e-02,2.447259e-02,1.210000e+01
-9.360779e-02,2.439581e-02,1.215000e+01
-9.641383e-02,2.434063e-02,1.220000e+01
-9.916674e-02,2.430613e-02,1.225000e+01
-1.018669e-01,2.429132e-02,1.230000e+01
-1.045146e-01,2.429521e-02,1.235000e+01
-1.071105e-01,2.431680e-02,1.240000e+01
-1.096550e-01,2.435504e-02,1.245000e+01
-1.121489e-01,2.440886e-02,1.250000e+01
-1.145929e-01,2.447717e-02,1.255000e+01
-1.169878e-01,2.455887e-02,1.260000e+01
-1.193344e-01,2.465280e-02,1.265000e+01
-1.216338e-01,2.475785e-02,1.270000e+01
-1.238866e-01,2.487387e-02,1.275000e+01
-1.260932e-01,2.499975e-02,1.280000e+01
-1.282539e-01,2.513383e-02,1.285000e+01
-1.303694e-01,2.527460e-02,1.290000e+01
-1.324399e-01,2.542070e-02,1.295000e+01
-1.344662e-01,2.557084e-02,1.300000e+01
-1.364489e-01,2.572388e-02,1.305000e+01
-1.383886e-01,2.587883e-02,1.310000e+01
-1.402862e-01,2.603477e-02,1.315000e+01
-1.421424e-01,2.619094e-02,1.320000e+01
-1.439582e-01,2.634669e-02,1.325000e+01
-1.457345e-01,2.650151e-02,1.330000e+01
-1.474723e-01,2.665500e-02,1.335000e+01
-1.491727e-01,2.680687e-02,1.340000e+01
-1.508369e-01,2.695698e-02,1.345000e+01
-1.524658e-01,2.710526e-02,1.350000e+01
-1.540598e-01,2.725122e-02,1.355000e+01
-1.556193e-01,2.739409e-02,1.360000e+01
-1.571450e-01,2.753319e-02,1.365000e+01
-1.586373e-01,2.766795e-02,1.370000e+01
-1.600968e-01,2.779792e-02,1.375000e+01
-1.615241e-01,2.792275e-02,1.380000e+01
-1.629197e-01,2.804218e-02,1.385000e+01
-1.642843e-01,2.815608e-02,1.390000e+01
-1.656182e-01,2.826442e-02,1.395000e+01
-1.669221e-01,2.836727e-02,1.400000e+01
-1.681966e-01,2.846481e-02,1.405000e+01
-1.694421e-01,2.855735e-02,1.410000e+01
-1.706591e-01,2.864526e-02,1.415000e+01
-1.718482e-01,2.872907e-02,1.420000e+01
-1.730099e-01,2.880932e-02,1.425000e+01
-1.741443e-01,2.888594e-02,1.430000e+01
-1.752513e-01,2.895875e-02,1.435000e+01
-1.763310e-01,2.902775e-02,1.440000e+01
-1.773834e-01,2.909295e-02,1.445000e+01
-1.784084e-01,2.915439e-02,1.450000e+01
-1.794059e-01,2.921211e-02,1.455000e+01
-1.803760e-01,2.926620e-02,1.460000e+01
-1.813185e-01,2.931678e-02,1.465000e+01
-1.822334e-01,2.936397e-02,1.470000e+01
-1.831204e-01,2.940793e-02,1.475000e+01
-1.839795e-01,2.944885e-02,1.480000e+01
-1.848104e-01,2.948693e-02,1.485000e+01
-1.856130e-01,2.952240e-02,1.490000e+01
-1.863870e-01,2.955553e-02,1.495000e+01
-1.871323e-01,2.958659e-02,1.500000e+01
-1.878486e-01,2.961575e-02,1.505000e+01
-1.885356e-01,2.964283e-02,1.510000e+01
-1.891924e-01,2.966760e-02,1.515000e+01
-1.898186e-01,2.968984e-02,1.520000e+01
-1.904134e-01,2.970934e-02,1.525000e+01
-1.909762e-01,2.972586e-02,1.530000e+01
-1.915066e-01,2.973918e-02,1.535000e+01
-1.920039e-01,2.974908e-02,1.540000e+01
-1.924675e-01,2.975534e-02,1.545000e+01
-1.928972e-01,2.975771e-02,1.550000e+01
-1.932922e-01,2.975598e-02,1.555000e+01
-1.936523e-01,2.974992e-02,1.560000e+01
-1.939769e-01,2.973928e-02,1.565000e+01
-1.942658e-01,2.972384e-02,1.570000e+01
-1.945184e-01,2.970337e-02,1.575000e+01
-1.947345e-01,2.967762e-02,1.580000e+01
-1.949138e-01,2.964648e-02,1.585000e+01
-1.950556e-01,2.960965e-02,1.590000e+01
-1.951592e-01,2.956651e-02,1.595000e+01
-1.952241e-01,2.951648e-02,1.600000e+01
-1.952497e-01,2.945902e-02,1.605000e+01
-1.952355e-01,2.939363e-02,1.610000e+01
-1.951810e-01,2.931985e-02,1.615000e+01
-1.950860e-01,2.923726e-02,1.620000e+01
-1.949501e-01,2.914548e-02,1.625000e+01
-1.947731e-01,2.904418e-02,1.630000e+01
-1.945548e-01,2.893306e-02,1.635000e+01
-1.942952e-01,2.881186e-02,1.640000e+01
-1.939942e-01,2.868036e-02,1.645000e+01
-1.936517e-01,2.853840e-02,1.650000e+01
-1.932680e-01,2.838583e-02,1.655000e+01
-1.928429e-01,2.822251e-02,1.660000e+01
-1.923762e-01,2.804806e-02,1.665000e+01
-1.918677e-01,2.786209e-02,1.670000e+01
-1.913174e-01,2.766429e-02,1.675000e+01
-1.907254e-01,2.745440e-02,1.680000e+01
-1.900918e-01,2.723222e-02,1.685000e+01
-1.894166e-01,2.699762e-02,1.690000e+01
-1.887001e-01,2.675053e-02,1.695000e+01
-1.879426e-01,2.649095e-02,1.700000e+01
-1.871443e-01,2.621892e-02,1.705000e+01
-1.863055e-01,2.593458e-02,1.710000e+01
-1.854268e-01,2.563809e-02,1.715000e+01
-1.845084e-01,2.532973e-02,1.720000e+01
-1.835509e-01,2.500969e-02,1.725000e+01
-1.825543e-01,2.467794e-02,1.730000e+01
-1.815193e-01,2.433452e-02,1.735000e+01
-1.804461e-01,2.397948e-02,1.740000e+01
-1.793353e-01,2.361298e-02,1.745000e+01
-1.781873e-01,2.323519e-02,1.750000e+01
-1.770026e-01,2.284637e-02,1.755000e+01
-1.757817e-01,2.244681e-02,1.760000e+01
-1.745254e-01,2.203688e-02,1.765000e+01
-1.732341e-01,2.161701e-02,1.770000e+01
-1.719086e-01,2.118765e-02,1.775000e+01
-1.705495e-01,2.074935e-02,1.780000e+01
-1.691575e-01,2.030270e-02,1.785000e+01
-1.677335e-01,1.984835e-02,1.790000e+01
-1.662781e-01,1.938683e-02,1.795000e+01
-1.647918e-01,1.891848e-02,1.800000e+01
-1.632752e-01,1.844367e-02,1.805000e+01
-1.617292e-01,1.796279e-02,1.810000e+01
-1.601542e-01,1.747625e-02,1.815000e+01
-1.585511e-01,1.698450e-02,1.820000e+01
-1.569205e-01,1.648797e-02,1.825000e+01
-1.552631e-01,1.598716e-02,1.830000e+01
-1.535797e-01,1.548253e-02,1.835000e+01
-1.518710e-01,1.497462e-02,1.840000e+01
-1.501377e-01,1.446395e-02,1.845000e+01
-1.483806e-01,1.395107e-02,1.850000e+01
-1.466004e-01,1.343655e-02,1.855000e+01
-1.447979e-01,1.292099e-02,1.860000e+01
-1.429740e-01,1.240499e-02,1.865000e+01
-1.411293e-01,1.188919e-02,1.870000e+01
-1.392647e-01,1.137420e-02,1.875000e+01
-1.373807e-01,1.086035e-02,1.880000e+01
-1.354781e-01,1.034796e-02,1.885000e+01
-1.335575e-01,9.837429e-03,1.890000e+01
-1.316197e-01,9.329115e-03,1.895000e+01
-1.296654e-01,8.823375e-03,1.900000e+01
-1.276953e-01,8.320557e-03,1.905000e+01
-1.257102e-01,7.820991e-03,1.910000e+01
-1.237106e-01,7.325000e-03,1.915000e+01
-1.216974e-01,6.832892e-03,1.920000e+01
-1.196712e-01,6.344964e-03,1.925000e+01
-1.176327e-01,5.861503e-03,1.930000e+01
-1.155827e-01,5.382781e-03,1.935000e+01
-1.135219e-01,4.909060e-03,1.940000e+01
-1.114509e-01,4.440591e-03,1.945000e+01
-1.093705e-01,3.977609e-03,1.950000e+01
-1.072814e-01,3.520343e-03,1.955000e+01
-1.051842e-01,3.069006e-03,1.960000e+01
-1.030796e-01,2.623799e-03,1.965000e+01
-1.009684e-01,2.184915e-03,1.970000e+01
-9.885128e-02,1.752568e-03,1.975000e+01
-9.672871e-02,1.326996e-03,1.980000e+01
-9.460141e-02,9.082202e-04,1.985000e+01
-9.247006e-02,4.962401e-04,1.990000e+01
-9.033535e-02,9.105492e-05,1.995000e+01
-8.819796e-02,-3.073378e-04,2.000000e+01
-8.605856e-02,-6.989420e-04,2.005000e+01
-8.391782e-02,-1.083763e-03,2.010000e+01
-8.177641e-02,-1.461808e-03,2.015000e+01
-7.963498e-02,-1.833084e-03,2.020000e+01
-7.749420e-02,-2.197602e-03,2.025000e+01
-7.535472e-02,-2.555373e-03,2.030000e+01
-7.321718e-02,-2.906410e-03,2.035000e+01
-7.108222e-02,-3.250726e-03,2.040000e+01
-6.895049e-02,-3.588337e-03,2.045000e+01
-6.682262e-02,-3.919260e-03,2.050000e+01
-6.469924e-02,-4.243514e-03,2.055000e+01
-6.258098e-02,-4.561119e-03,2.060000e+01
-6.046845e-02,-4.872095e-03,2.065000e+01
-5.836228e-02,-5.176467e-03,2.070000e+01
-5.626307e-02,-5.474257e-03,2.075000e+01
-5.417143e-02,-5.765492e-03,2.080000e+01
-5.208797e-02,-6.050200e-03,2.085000e+01
-5.001329e-02,-6.328408e-03,2.090000e+01
-4.794797e-02,-6.600147e-03,2.095000e+01
-4.589233e-02,-6.865291e-03,2.100000e+01
-4.384623e-02,-7.123520e-03,2.105000e+01
-4.181040e-02,-7.375032e-03,2.110000e+01
-3.978561e-02,-7.620037e-03,2.115000e+01
-3.777259e-02,-7.858726e-03,2.120000e+01
-3.577205e-02,-8.091273e-03,2.125000e+01
-3.378465e-02,-8.317831e-03,2.130000e+01
-3.181104e-02,-8.538533e-03,2.135000e+01
-2.985181e-02,-8.753496e-03,2.140000e+01
-2.790755e-02,-8.962815e-03,2.145000e+01
-2.597880e-02,-9.166568e-03,2.150000e+01
-2.406607e-02,-9.364813e-03,2.155000e+01
-2.216986e-02,-9.557589e-03,2.160000e+01
-2.029061e-02,-9.744916e-03,2.165000e+01
-1.842873e-02,-9.926794e-03,2.170000e+01
-1.658463e-02,-1.010321e-02,2.175000e+01
-1.475866e-02,-1.027412e-02,2.180000e+01
-1.295115e-02,-1.043947e-02,2.185000e+01
-1.116238e-02,-1.059918e-02,2.190000e+01
-9.392643e-03,-1.075317e-02,2.195000e+01
-7.642153e-03,-1.090131e-02,2.200000e+01
-5.911119e-03,-1.104348e-02,2.205000e+01
-4.199712e-03,-1.117952e-02,2.210000e+01
-2.508072e-03,-1.130926e-02,2.215000e+01
-8.363095e-04,-1.143252e-02,2.220000e+01
8.154977e-04,-1.154908e-02,2.225000e+01
2.447302e-03,-1.165872e-02,2.230000e+01
4.059231e-03,-1.176179e-02,2.235000e+01
5.651381e-03,-1.185965e-02,2.240000e+01
7.223291e-03,-1.195235e-02,2.245000e+01
8.774522e-03,-1.203988e-02,2.250000e+01
1.030467e-02,-1.212222e-02,2.255000e+01
1.181339e-02,-1.219940e-02,2.260000e+01
1.330034e-02,-1.227141e-02,2.265000e+01
1.476527e-02,-1.233828e-02,2.270000e+01
1.620793e-02,-1.240004e-02,2.275000e+01
1.762813e-02,-1.245671e-02,2.280000e+01
1.902571e-02,-1.250835e-02,2.285000e+01
2.040056e-02,-1.255499e-02,2.290000e+01
2.175262e-02,-1.259671e-02,2.295000e+01
2.308185e-02,-1.263355e-02,2.300000e+01
2.438826e-02,-1.266560e-02,2.305000e+01
2.567190e-02,-1.269293e-02,2.310000e+01
2.693287e-02,-1.271563e-02,2.315000e+01
2.817130e-02,-1.273379e-02,2.320000e+01
2.938737e-02,-1.274751e-02,2.325000e+01
3.058129e-02,-1.275691e-02,2.330000e+01
3.175331e-02,-1.276209e-02,2.335000e+01
3.290375e-02,-1.276319e-02,2.340000e+01
3.403292e-02,-1.276034e-02,2.345000e+01
3.514123e-02,-1.275366e-02,2.350000e+01
3.622900e-02,-1.274339e-02,2.355000e+01
3.729585e-02,-1.273021e-02,2.360000e+01
3.834159e-02,-1.271426e-02,2.365000e+01
3.936614e-02,-1.269558e-02,2.370000e+01
4.036945e-02,-1.267419e-02,2.375000e+01
4.135148e-02,-1.265015e-02,2.380000e+01
4.231224e-02,-1.262350e-02,2.385000e+01
4.325173e-02,-1.259431e-02,2.390000e+01
4.417001e-02,-1.256265e-02,2.395000e+01
4.506714e-02,-1.252859e-02,2.400000e+01
4.594320e-02,-1.249224e-02,2.405000e+01
4.679830e-02,-1.245367e-02,2.410000e+01
4.763259e-02,-1.241301e-02,2.415000e+01
4.844620e-02,-1.237036e-02,2.420000e+01
4.923933e-02,-1.232585e-02,2.425000e+01
5.001219e-02,-1.227960e-02,2.430000e+01
5.076498e-02,-1.223177e-02,2.435000e+01
5.149797e-02,-1.218250e-02,2.440000e+01
5.221143e-02,-1.213195e-02,2.445000e+01
5.290566e-02,-1.208029e-02,2.450000e+01
5.358097e-02,-1.202769e-02,2.455000e+01
5.423755e-02,-1.197439e-02,2.460000e+01
5.487532e-02,-1.192054e-02,2.465000e+01
5.549426e-02,-1.186609e-02,2.470000e+01
5.609441e-02,-1.181102e-02,2.475000e+01
5.667579e-02,-1.175530e-02,2.480000e+01
5.723848e-02,-1.169891e-02,2.485000e+01
5.778253e-02,-1.164184e-02,2.490000e+01
5.830805e-02,-1.158409e-02,2.495000e+01
5.881515e-02,-1.152567e-02,2.500000e+01
5.930394e-02,-1.146659e-02,2.505000e+01
5.977458e-02,-1.140689e-02,2.510000e+01
6.022722e-02,-1.134658e-02,2.515000e+01
6.066205e-02,-1.128571e-02,2.520000e+01
6.107925e-02,-1.122434e-02,2.525000e+01
6.147905e-02,-1.116251e-02,2.530000e+01
6.186167e-02,-1.110030e-02,2.535000e+01
6.222737e-02,-1.103777e-02,2.540000e+01
6.257640e-02,-1.097501e-02,2.545000e+01
6.290904e-02,-1.091212e-02,2.550000e+01
6.322537e-02,-1.084922e-02,2.555000e+01
6.352538e-02,-1.078624e-02,2.560000e+01
6.380914e-02,-1.072307e-02,2.565000e+01
6.407672e-02,-1.065962e-02,2.570000e+01
6.432820e-02,-1.059581e-02,2.575000e+01
6.456368e-02,-1.053155e-02,2.580000e+01
6.478328e-02,-1.046680e-02,2.585000e+01
6.498713e-02,-1.040151e-02,2.590000e+01
6.517536e-02,-1.033564e-02,2.595000e+01
6.534813e-02,-1.026919e-02,2.600000e+01
6.550560e-02,-1.020215e-02,2.605000e+01
6.564797e-02,-1.013452e-02,2.610000e+01
6.577542e-02,-1.006632e-02,2.615000e+01
6.588818e-02,-9.997600e-03,2.620000e+01
6.598645e-02,-9.928399e-03,2.625000e+01
6.607048e-02,-9.858780e-03,2.630000e+01
6.614051e-02,-9.788813e-03,2.635000e+01
6.619655e-02,-9.718473e-03,2.640000e+01
6.623869e-02,-9.647658e-03,2.645000e+01
6.626703e-02,-9.576275e-03,2.650000e+01
6.628168e-02,-9.504247e-03,2.655000e+01
6.628277e-02,-9.431512e-03,2.660000e+01
6.627042e-02,-9.358019e-03,2.665000e+01
6.624478e-02,-9.283734e-03,2.670000e+01
6.620599e-02,-9.208634e-03,2.675000e+01
6.615421e-02,-9.132714e-03,2.680000e+01
6.608959e-02,-9.055978e-03,2.685000e+01
6.601232e-02,-8.978448e-03,2.690000e+01
6.592258e-02,-8.900158e-03,2.695000e+01
6.582054e-02,-8.821156e-03,2.700000e+01
6.570641e-02,-8.741506e-03,2.705000e+01
6.558033e-02,-8.661225e-03,2.710000e+01
6.544238e-02,-8.580234e-03,2.715000e+01
6.529267e-02,-8.498485e-03,2.720000e+01
6.513133e-02,-8.415940e-03,2.725000e+01
6.495851e-02,-8.332571e-03,2.730000e+01
6.477432e-02,-8.248363e-03,2.735000e+01
6.457892e-02,-8.163308e-03,2.740000e+01
6.437244e-02,-8.077411e-03,2.745000e+01
6.415504e-02,-7.990686e-03,2.750000e+01
6.392686e-02,-7.903160e-03,2.755000e+01
6.368805e-02,-7.814867e-03,2.760000e+01
6.343878e-02,-7.725854e-03,2.765000e+01
6.317922e-02,-7.636187e-03,2.770000e+01
6.290948e-02,-7.545874e-03,2.775000e+01
6.262967e-02,-7.454866e-03,2.780000e+01
6.233991e-02,-7.363126e-03,2.785000e+01
6.204031e-02,-7.270622e-03,2.790000e+01
6.173098e-02,-7.177338e-03,2.795000e+01
6.141206e-02,-7.083264e-03,2.800000e+01
6.108367e-02,-6.988401e-03,2.805000e+01
6.074595e-02,-6.892761e-03,2.810000e+01
6.039903e-02,-6.796364e-03,2.815000e+01
6.004306e-02,-6.699243e-03,2.820000e+01
5.967819e-02,-6.601439e-03,2.825000e+01
5.930458e-02,-6.503004e-03,2.830000e+01
5.892239e-02,-6.403998e-03,2.835000e+01
5.853177e-02,-6.304496e-03,2.840000e+01
5.813288e-02,-6.204551e-03,2.845000e+01
5.772579e-02,-6.104126e-03,2.850000e+01
5.731061e-02,-6.003181e-03,2.855000e+01
5.688744e-02,-5.901685e-03,2.860000e+01
5.645639e-02,-5.799614e-03,2.865000e+01
5.601757e-02,-5.696954e-03,2.870000e+01
5.557110e-02,-5.593699e-03,2.875000e+01
5.511711e-02,-5.489851e-03,2.880000e+01
5.465572e-02,-5.385422e-03,2.885000e+01
5.418709e-02,-5.280432e-03,2.890000e+01
5.371134e-02,-5.174909e-03,2.895000e+01
5.322863e-02,-5.068890e-03,2.900000e+01
5.273911e-02,-4.962422e-03,2.905000e+01
5.224295e-02,-4.855557e-03,2.910000e+01
5.174030e-02,-4.748359e-03,2.915000e+01
5.123135e-02,-4.640900e-03,2.920000e+01
5.071624e-02,-4.533252e-03,2.925000e+01
5.019507e-02,-4.425402e-03,2.930000e+01
4.966794e-02,-4.317313e-03,2.935000e+01
4.913496e-02,-4.208956e-03,2.940000e+01
4.859624e-02,-4.100308e-03,2.945000e+01
4.805191e-02,-3.991354e-03,2.950000e+01
4.750210e-02,-3.882088e-03,2.955000e+01
4.694693e-02,-3.772509e-03,2.960000e+01
4.638654e-02,-3.662626e-03,2.965000e+01
4.582107e-02,-3.552452e-03,2.970000e+01
4.525067e-02,-3.442011e-03,2.975000e+01
4.467549e-02,-3.331332e-03,2.980000e+01
4.409570e-02,-3.220454e-03,2.985000e+01
4.351145e-02,-3.109419e-03,2.990000e+01
4.292291e-02,-2.998282e-03,2.995000e+01
4.233027e-02,-2.887100e-03,3.000000e+01
4.173370e-02,-2.775943e-03,3.005000e+01
4.113338e-02,-2.664883e-03,3.010000e+01
4.052945e-02,-2.553988e-03,3.015000e+01
3.992202e-02,-2.443256e-03,3.020000e+01
3.931121e-02,-2.332667e-03,3.025000e+01
3.869717e-02,-2.222208e-03,3.030000e+01
3.808004e-02,-2.111871e-03,3.035000e+01
3.745995e-02,-2.001654e-03,3.040000e+01
3.683706e-02,-1.891562e-03,3.045000e+01
3.621151e-02,-1.781602e-03,3.050000e+01
3.558345e-02,-1.671791e-03,3.055000e+01
3.495304e-02,-1.562149e-03,3.060000e+01
3.432043e-02,-1.452702e-03,3.065000e+01
3.368577e-02,-1.343483e-03,3.070000e+01
3.304923e-02,-1.234530e-03,3.075000e+01
3.241097e-02,-1.125886e-03,3.080000e+01
3.177116e-02,-1.017600e-03,3.085000e+01
3.112996e-02,-9.097278e-04,3.090000e+01
3.048755e-02,-8.023294e-04,3.095000e+01
2.984409e-02,-6.954714e-04,3.100000e+01
2.919977e-02,-5.892257e-04,3.105000e+01
2.855475e-02,-4.836694e-04,3.110000e+01
2.790911e-02,-3.788304e-04,3.115000e+01
2.726296e-02,-2.747012e-04,3.120000e+01
2.661646e-02,-1.712863e-04,3.125000e+01
2.596979e-02,-6.859284e-05,3.130000e+01
2.532310e-02,3.336900e-05,3.135000e+01
2.467657e-02,1.345865e-04,3.140000e+01
2.403036e-02,2.350440e-04,3.145000e+01
2.338461e-02,3.347232e-04,3.150000e+01
2.273948e-02,4.336030e-04,3.155000e+01
2.209513e-02,5.316595e-04,3.160000e+01
2.145171e-02,6.288660e-04,3.165000e+01
2.080936e-02,7.251932e-04,3.170000e+01
2.016823e-02,8.206088e-04,3.175000e+01
1.952847e-02,9.150780e-04,3.180000e+01
1.889020e-02,1.008563e-03,3.185000e+01
1.825357e-02,1.101023e-03,3.190000e+01
1.761871e-02,1.192415e-03,3.195000e+01
1.698575e-02,1.282693e-03,3.200000e+01
1.635483e-02,1.371809e-03,3.205000e+01
1.572608e-02,1.459709e-03,3.210000e+01
1.509960e-02,1.546342e-03,3.215000e+01
1.447554e-02,1.631648e-03,3.220000e+01
1.385394e-02,1.715620e-03,3.225000e+01
1.323483e-02,1.798362e-03,3.230000e+01
1.261837e-02,1.879862e-03,3.235000e+01
1.200475e-02,1.960102e-03,3.240000e+01
1.139413e-02,2.039061e-03,3.245000e+01
1.078669e-02,2.116722e-03,3.250000e+01
1.018257e-02,2.193065e-03,3.255000e+01
9.581937e-03,2.268074e-03,3.260000e+01
8.984919e-03,2.341731e-03,3.265000e+01
8.391655e-03,2.414019e-03,3.270000e+01
7.802271e-03,2.484920e-03,3.275000e+01
7.216885e-03,2.554420e-03,3.280000e+01
6.635609e-03,2.622503e-03,3.285000e+01
6.058546e-03,2.689152e-03,3.290000e+01
5.485792e-03,2.754354e-03,3.295000e+01
4.917435e-03,2.818093e-03,3.300000e+01
4.353556e-03,2.880356e-03,3.305000e+01
3.794227e-03,2.941129e-03,3.310000e+01
3.239515e-03,3.000399e-03,3.315000e+01
2.689476e-03,3.058154e-03,3.320000e+01
2.144160e-03,3.114380e-03,3.325000e+01
1.603611e-03,3.169066e-03,3.330000e+01
1.067862e-03,3.222200e-03,3.335000e+01
5.369369e-04,3.273780e-03,3.340000e+01
1.081806e-05,3.323963e-03,3.345000e+01
-5.103706e-04,3.372798e-03,3.350000e+01
-1.026469e-03,3.420268e-03,3.355000e+01
-1.537329e-03,3.466357e-03,3.360000e+01
-2.042810e-03,3.511052e-03,3.365000e+01
-2.542784e-03,3.554341e-03,3.370000e+01
-3.037132e-03,3.596212e-03,3.375000e+01
-3.525747e-03,3.636659e-03,3.380000e+01
-4.008530e-03,3.675673e-03,3.385000e+01
-4.485394e-03,3.713251e-03,3.390000e+01
-4.956262e-03,3.749388e-03,3.395000e+01
-5.421067e-03,3.784083e-03,3.400000e+01
-5.879752e-03,3.817337e-03,3.405000e+01
-6.332271e-03,3.849150e-03,3.410000e+01
-6.778589e-03,3.879528e-03,3.415000e+01
-7.218679e-03,3.908475e-03,3.420000e+01
-7.652526e-03,3.935998e-03,3.425000e+01
-8.080126e-03,3.962107e-03,3.430000e+01
-8.501483e-03,3.986812e-03,3.435000e+01
-8.916614e-03,4.010126e-03,3.440000e+01
-9.325544e-03,4.032062e-03,3.445000e+01
-9.728310e-03,4.052637e-03,3.450000e+01
-1.012496e-02,4.071868e-03,3.455000e+01
-1.051550e-02,4.089851e-03,3.460000e+01
-1.089984e-02,4.106728e-03,3.465000e+01
-1.127786e-02,4.122481e-03,3.470000e+01
-1.164948e-02,4.137088e-03,3.475000e+01
-1.201461e-02,4.150533e-03,3.480000e+01
-1.237320e-02,4.162802e-03,3.485000e+01
-1.272516e-02,4.173886e-03,3.490000e+01
-1.307046e-02,4.183777e-03,3.495000e+01
-1.340905e-02,4.192474e-03,3.500000e+01
-1.374090e-02,4.199975e-03,3.505000e+01
-1.406599e-02,4.206286e-03,3.510000e+01
-1.438430e-02,4.211413e-03,3.515000e+01
-1.469584e-02,4.215368e-03,3.520000e+01
-1.500062e-02,4.218164e-03,3.525000e+01
-1.529864e-02,4.219819e-03,3.530000e+01
-1.558994e-02,4.220355e-03,3.535000e+01
-1.587455e-02,4.219796e-03,3.540000e+01
-1.615252e-02,4.218170e-03,3.545000e+01
-1.642391e-02,4.215509e-03,3.550000e+01
-1.668878e-02,4.211848e-03,3.555000e+01
-1.694721e-02,4.207225e-03,3.560000e+01
-1.719926e-02,4.201701e-03,3.565000e+01
-1.744486e-02,4.195368e-03,3.570000e+01
-1.768396e-02,4.188208e-03,3.575000e+01
-1.791652e-02,4.180197e-03,3.580000e+01
-1.814253e-02,4.171318e-03,3.585000e+01
-1.836198e-02,4.161557e-03,3.590000e+01
-1.857484e-02,4.150904e-03,3.595000e+01
-1.878113e-02,4.139355e-03,3.600000e+01
-1.898085e-02,4.126910e-03,3.605000e+01
-1.917402e-02,4.113574e-03,3.610000e+01
-1.936066e-02,4.099356e-03,3.615000e+01
-1.954079e-02,4.084271e-03,3.620000e+01
-1.971447e-02,4.068336e-03,3.625000e+01
-1.988174e-02,4.051577e-03,3.630000e+01
-2.004265e-02,4.034020e-03,3.635000e+01
-2.019727e-02,4.015698e-03,3.640000e+01
-2.034567e-02,3.996649e-03,3.645000e+01
-2.048791e-02,3.976914e-03,3.650000e+01
-2.062410e-02,3.956541e-03,3.655000e+01
-2.075430e-02,3.935584e-03,3.660000e+01
-2.087849e-02,3.914073e-03,3.665000e+01
-2.099666e-02,3.891989e-03,3.670000e+01
-2.110883e-02,3.869315e-03,3.675000e+01
-2.121502e-02,3.846038e-03,3.680000e+01
-2.131524e-02,3.822150e-03,3.685000e+01
-2.140954e-02,3.797647e-03,3.690000e+01
-2.149795e-02,3.772530e-03,3.695000e+01
-2.158050e-02,3.746805e-03,3.700000e+01
-2.165725e-02,3.720482e-03,3.705000e+01
-2.172823e-02,3.693577e-03,3.710000e+01
-2.179352e-02,3.666110e-03,3.715000e+01
-2.185317e-02,3.638106e-03,3.720000e+01
-2.190726e-02,3.609593e-03,3.725000e+01
-2.195584e-02,3.580605e-03,3.730000e+01
-2.199901e-02,3.551182e-03,3.735000e+01
-2.203684e-02,3.521366e-03,3.740000e+01
-2.206942e-02,3.491201e-03,3.745000e+01
-2.209674e-02,3.460692e-03,3.750000e+01
-2.211885e-02,3.429825e-03,3.755000e+01
-2.213577e-02,3.398590e-03,3.760000e+01
-2.214756e-02,3.366980e-03,3.765000e+01
-2.215426e-02,3.334994e-03,3.770000e+01
-2.215592e-02,3.302634e-03,3.775000e+01
-2.215259e-02,3.269905e-03,3.780000e+01
-2.214434e-02,3.236818e-03,3.785000e+01
-2.213121e-02,3.203386e-03,3.790000e+01
-2.211327e-02,3.169627e-03,3.795000e+01
-2.209058e-02,3.135562e-03,3.800000e+01
-2.206323e-02,3.101217e-03,3.805000e+01
-2.203128e-02,3.066622e-03,3.810000e+01
-2.199480e-02,3.031809e-03,3.815000e+01
-2.195387e-02,2.996811e-03,3.820000e+01
-2.190852e-02,2.961622e-03,3.825000e+01
-2.185880e-02,2.926234e-03,3.830000e+01
-2.180476e-02,2.890644e-03,3.835000e+01
-2.174646e-02,2.854852e-03,3.840000e+01
-2.168395e-02,2.818861e-03,3.845000e+01
-2.161730e-02,2.782675e-03,3.850000e+01
-2.154656e-02,2.746304e-03,3.855000e+01
-2.147179e-02,2.709759e-03,3.860000e+01
-2.139306e-02,2.673055e-03,3.865000e+01
-2.131043e-02,2.636208e-03,3.870000e+01
-2.122397e-02,2.599238e-03,3.875000e+01
-2.113376e-02,2.562170e-03,3.880000e+01
-2.103985e-02,2.525031e-03,3.885000e+01
-2.094230e-02,2.487828e-03,3.890000e+01
-2.084117e-02,2.450551e-03,3.895000e+01
-2.073650e-02,2.413191e-03,3.900000e+01
-2.062836e-02,2.375743e-03,3.905000e+01
-2.051679e-02,2.338202e-03,3.910000e+01
-2.040185e-02,2.300571e-03,3.915000e+01
-2.028360e-02,2.262853e-03,3.920000e+01
-2.016211e-02,2.225054e-03,3.925000e+01
-2.003743e-02,2.187183e-03,3.930000e+01
-1.990963e-02,2.149254e-03,3.935000e+01
-1.977878e-02,2.111282e-03,3.940000e+01
-1.964494e-02,2.073285e-03,3.945000e+01
-1.950818e-02,2.035284e-03,3.950000e+01
-1.936858e-02,1.997306e-03,3.955000e+01
-1.922620e-02,1.959376e-03,3.960000e+01
-1.908109e-02,1.921488e-03,3.965000e+01
-1.893330e-02,1.883630e-03,3.970000e+01
-1.878287e-02,1.845788e-03,3.975000e+01
-1.862987e-02,1.807955e-03,3.980000e+01
-1.847433e-02,1.770126e-03,3.985000e+01
-1.831632e-02,1.732296e-03,3.990000e+01
-1.815589e-02,1.694467e-03,3.995000e+01
-1.799310e-02,1.656641e-03,4.000000e+01
-1.782801e-02,1.618823e-03,4.005000e+01
-1.766068e-02,1.581023e-03,4.010000e+01
-1.749118e-02,1.543252e-03,4.015000e+01
-1.731956e-02,1.505523e-03,4.020000e+01
-1.714589e-02,1.467854e-03,4.025000e+01
-1.697025e-02,1.430265e-03,4.030000e+01
-1.679270e-02,1.392778e-03,4.035000e+01
-1.661330e-02,1.355420e-03,4.040000e+01
-1.643212e-02,1.318199e-03,4.045000e+01
-1.624918e-02,1.281105e-03,4.050000e+01
-1.606453e-02,1.244124e-03,4.055000e+01
-1.587823e-02,1.207246e-03,4.060000e+01
-1.569033e-02,1.170464e-03,4.065000e+01
-1.550087e-02,1.133772e-03,4.070000e+01
-1.530991e-02,1.097168e-03,4.075000e+01
-1.511749e-02,1.060651e-03,4.080000e+01
-1.492368e-02,1.024223e-03,4.085000e+01
-1.472853e-02,9.878880e-04,4.090000e+01
-1.453208e-02,9.516524e-04,4.095000e+01
-1.433441e-02,9.155250e-04,4.100000e+01
-1.413556e-02,8.795173e-04,4.105000e+01
-1.393560e-02,8.436426e-04,4.110000e+01
-1.373459e-02,8.079169e-04,4.115000e+01
-1.353258e-02,7.723586e-04,4.120000e+01
-1.332965e-02,7.369880e-04,4.125000e+01
-1.312585e-02,7.018281e-04,4.130000e+01
-1.292121e-02,6.668898e-04,4.135000e+01
-1.271579e-02,6.321640e-04,4.140000e+01
-1.250962e-02,5.976415e-04,4.145000e+01
-1.230276e-02,5.633147e-04,4.150000e+01
-1.209524e-02,5.291777e-04,4.155000e+01
-1.188712e-02,4.952261e-04,4.160000e+01
-1.167845e-02,4.614573e-04,4.165000e+01
-1.146926e-02,4.278702e-04,4.170000e+01
-1.125962e-02,3.944655e-04,4.175000e+01
-1.104956e-02,3.612454e-04,4.180000e+01
-1.083914e-02,3.282137e-04,4.185000e+01
-1.062840e-02,2.953761e-04,4.190000e+01
-1.041739e-02,2.627398e-04,4.195000e+01
-1.020616e-02,2.303135e-04,4.200000e+01
-9.994768e-03,1.981077e-04,4.205000e+01
-9.783253e-03,1.661346e-04,4.210000e+01
-9.571667e-03,1.344079e-04,4.215000e+01
-9.360062e-03,1.029430e-04,4.220000e+01
-9.148486e-03,7.175699e-05,4.225000e+01
-8.936991e-03,4.086835e-05,4.230000e+01
-8.725592e-03,1.028175e-05,4.235000e+01
-8.514321e-03,-2.001139e-05,4.240000e+01
-8.303227e-03,-5.001677e-05,4.245000e+01
-8.092356e-03,-7.973909e-05,4.250000e+01
-7.881756e-03,-1.091821e-04,4.255000e+01
-7.671473e-03,-1.383484e-04,4.260000e+01
-7.461552e-03,-1.672398e-04,4.265000e+01
-7.252036e-03,-1.958570e-04,4.270000e+01
-7.042969e-03,-2.241997e-04,4.275000e+01
-6.834393e-03,-2.522664e-04,4.280000e+01
-6.626350e-03,-2.800551e-04,4.285000e+01
-6.418879e-03,-3.075622e-04,4.290000e+01
-6.212020e-03,-3.347836e-04,4.295000e+01
-6.005811e-03,-3.617139e-04,4.300000e+01
-5.800291e-03,-3.883468e-04,4.305000e+01
-5.595494e-03,-4.146749e-04,4.310000e+01
-5.391458e-03,-4.406899e-04,4.315000e+01
-5.188217e-03,-4.663826e-04,4.320000e+01
-4.985804e-03,-4.917426e-04,4.325000e+01
-4.784252e-03,-5.167585e-04,4.330000e+01
-4.583594e-03,-5.414180e-04,4.335000e+01
-4.383860e-03,-5.657078e-04,4.340000e+01
-4.185081e-03,-5.896135e-04,4.345000e+01
-3.987255e-03,-6.131575e-04,4.350000e+01
-3.790401e-03,-6.363668e-04,4.355000e+01
-3.594571e-03,-6.592389e-04,4.360000e+01
-3.399812e-03,-6.817713e-04,4.365000e+01
-3.206171e-03,-7.039614e-04,4.370000e+01
-3.013693e-03,-7.258064e-04,4.375000e+01
-2.822419e-03,-7.473035e-04,4.380000e+01
-2.632388e-03,-7.684498e-04,4.385000e+01
-2.443640e-03,-7.892421e-04,4.390000e+01
-2.256207e-03,-8.096775e-04,4.395000e+01
-2.070123e-03,-8.297527e-04,4.400000e+01
-1.885419e-03,-8.494644e-04,4.405000e+01
-1.702122e-03,-8.688093e-04,4.410000e+01
-1.520259e-03,-8.877838e-04,4.415000e+01
-1.339853e-03,-9.063843e-04,4.420000e+01
-1.160925e-03,-9.246073e-04,4.425000e+01
-9.834947e-04,-9.424489e-04,4.430000e+01
-8.075782e-04,-9.599053e-04,4.435000e+01
-6.331903e-04,-9.769725e-04,4.440000e+01
-4.603431e-04,-9.936466e-04,4.445000e+01
-2.890463e-04,-1.009923e-03,4.450000e+01
-1.193077e-04,-1.025798e-03,4.455000e+01
4.886761e-05,-1.041268e-03,4.460000e+01
2.154872e-04,-1.056360e-03,4.465000e+01
3.805349e-04,-1.071117e-03,4.470000e+01
5.439631e-04,-1.085529e-03,4.475000e+01
7.057271e-04,-1.099590e-03,4.480000e+01
8.657854e-04,-1.113293e-03,4.485000e+01
1.024100e-03,-1.126632e-03,4.490000e+01
1.180635e-03,-1.139601e-03,4.495000e+01
1.335359e-03,-1.152196e-03,4.500000e+01
1.488243e-03,-1.164411e-03,4.505000e+01
1.639262e-03,-1.176243e-03,4.510000e+01
1.788393e-03,-1.187689e-03,4.515000e+01
1.935617e-03,-1.198746e-03,4.520000e+01
2.080917e-03,-1.209411e-03,4.525000e+01
2.224281e-03,-1.219684e-03,4.530000e+01
2.365699e-03,-1.229562e-03,4.535000e+01
2.505164e-03,-1.239046e-03,4.540000e+01
2.642673e-03,-1.248136e-03,4.545000e+01
2.778226e-03,-1.256832e-03,4.550000e+01
2.911825e-03,-1.265136e-03,4.555000e+01
3.043477e-03,-1.273049e-03,4.560000e+01
3.173191e-03,-1.280573e-03,4.565000e+01
3.300979e-03,-1.287713e-03,4.570000e+01
3.426856e-03,-1.294470e-03,4.575000e+01
3.550830e-03,-1.300873e-03,4.580000e+01
3.672863e-03,-1.306964e-03,4.585000e+01
3.792925e-03,-1.312735e-03,4.590000e+01
3.910988e-03,-1.318174e-03,4.595000e+01
4.027028e-03,-1.323274e-03,4.600000e+01
4.141022e-03,-1.328027e-03,4.605000e+01
4.252953e-03,-1.332428e-03,4.610000e+01
4.362803e-03,-1.336472e-03,4.615000e+01
4.470561e-03,-1.340155e-03,4.620000e+01
4.576217e-03,-1.343475e-03,4.625000e+01
4.679763e-03,-1.346433e-03,4.630000e+01
4.781196e-03,-1.349027e-03,4.635000e+01
4.880515e-03,-1.351261e-03,4.640000e+01
4.977722e-03,-1.353137e-03,4.645000e+01
5.072823e-03,-1.354660e-03,4.650000e+01
5.165824e-03,-1.355835e-03,4.655000e+01
5.256738e-03,-1.356670e-03,4.660000e+01
5.345579e-03,-1.357173e-03,4.665000e+01
5.432363e-03,-1.357353e-03,4.670000e+01
5.517110e-03,-1.357222e-03,4.675000e+01
5.599843e-03,-1.356792e-03,4.680000e+01
5.680561e-03,-1.356089e-03,4.685000e+01
5.759240e-03,-1.355121e-03,4.690000e+01
5.835866e-03,-1.353878e-03,4.695000e+01
5.910429e-03,-1.352350e-03,4.700000e+01
5.982919e-03,-1.350530e-03,4.705000e+01
6.053332e-03,-1.348414e-03,4.710000e+01
6.121663e-03,-1.345997e-03,4.715000e+01
6.187911e-03,-1.343277e-03,4.720000e+01
6.252078e-03,-1.340254e-03,4.725000e+01
6.314167e-03,-1.336928e-03,4.730000e+01
6.374186e-03,-1.333303e-03,4.735000e+01
6.432143e-03,-1.329381e-03,4.740000e+01
6.488049e-03,-1.325169e-03,4.745000e+01
6.541917e-03,-1.320675e-03,4.750000e+01
6.593766e-03,-1.315906e-03,4.755000e+01
6.643612e-03,-1.310875e-03,4.760000e+01
6.691478e-03,-1.305592e-03,4.765000e+01
6.737387e-03,-1.300072e-03,4.770000e+01
6.781365e-03,-1.294329e-03,4.775000e+01
6.823408e-03,-1.288380e-03,4.780000e+01
6.863511e-03,-1.282218e-03,4.785000e+01
6.901674e-03,-1.275838e-03,4.790000e+01
6.937899e-03,-1.269233e-03,4.795000e+01
6.972191e-03,-1.262399e-03,4.800000e+01
7.004556e-03,-1.255334e-03,4.805000e+01
7.035001e-03,-1.248036e-03,4.810000e+01
7.063536e-03,-1.240507e-03,4.815000e+01
7.090173e-03,-1.232749e-03,4.820000e+01
7.114926e-03,-1.224765e-03,4.825000e+01
7.137809e-03,-1.216561e-03,4.830000e+01
7.158840e-03,-1.208143e-03,4.835000e+01
7.178038e-03,-1.199521e-03,4.840000e+01
7.195423e-03,-1.190705e-03,4.845000e+01
7.211019e-03,-1.181705e-03,4.850000e+01
7.224849e-03,-1.172536e-03,4.855000e+01
7.236939e-03,-1.163212e-03,4.860000e+01
7.247296e-03,-1.153742e-03,4.865000e+01
7.255926e-03,-1.144120e-03,4.870000e+01
7.262838e-03,-1.134343e-03,4.875000e+01
7.268042e-03,-1.124408e-03,4.880000e+01
7.271552e-03,-1.114312e-03,4.885000e+01
7.273381e-03,-1.104055e-03,4.890000e+01
7.273543e-03,-1.093640e-03,4.895000e+01
7.272055e-03,-1.083067e-03,4.900000e+01
7.268934e-03,-1.072342e-03,4.905000e+01
7.264198e-03,-1.061469e-03,4.910000e+01
7.257868e-03,-1.050454e-03,4.915000e+01
7.249965e-03,-1.039307e-03,4.920000e+01
7.240510e-03,-1.028036e-03,4.925000e+01
7.229528e-03,-1.016652e-03,4.930000e+01
7.217043e-03,-1.005167e-03,4.935000e+01
7.203076e-03,-9.935897e-04,4.940000e+01
7.187633e-03,-9.819147e-04,4.945000e+01
7.170731e-03,-9.701413e-04,4.950000e+01
7.152387e-03,-9.582702e-04,4.955000e+01
7.132620e-03,-9.463028e-04,4.960000e+01
7.111447e-03,-9.342416e-04,4.965000e+01
7.088887e-03,-9.220898e-04,4.970000e+01
7.064961e-03,-9.098518e-04,4.975000e+01
7.039688e-03,-8.975325e-04,4.980000e+01
7.013090e-03,-8.851382e-04,4.985000e+01
6.985186e-03,-8.726756e-04,4.990000e+01
6.956001e-03,-8.601528e-04,4.995000e+01
