x,u,t
0.000000e+00,0.000000e+00,0.000000e+00
4.701322e-11,-2.794631e-09,1.000000e-03
3.760850e-10,-1.136171e-08,2.000000e-03
1.269217e-09,-2.597597e-08,3.000000e-03
3.008348e-09,-4.691207e-08,4.000000e-03
5.875355e-09,-7.444460e-08,5.000000e-03
1.015205e-08,-1.088481e-07,6.000000e-03
1.612018e-08,-1.503970e-07,7.000000e-03
2.406144e-08,-1.993658e-07,8.000000e-03
3.425745e-08,-2.560287e-07,9.000000e-03
4.698976e-08,-3.206599e-07,1.000000e-02
4.698976e-08,-4.574319e-07,1.000000e-02
6.253980e-08,-5.590087e-07,1.100000e-02
8.118889e-08,-6.718310e-07,1.200000e-02
1.032184e-07,-7.961721e-07,1.300000e-02
1.289095e-07,-9.323049e-07,1.400000e-02
1.585435e-07,-1.080503e-06,1.500000e-02
1.924015e-07,-1.241038e-06,1.600000e-02
2.307645e-07,-1.414184e-06,1.700000e-02
2.739136e-07,-1.600214e-06,1.800000e-02
3.221296e-07,-1.799400e-06,1.900000e-02
3.756934e-07,-2.012015e-06,2.000000e-02
3.756934e-07,-2.556827e-06,2.000000e-02
4.348855e-07,-2.838903e-06,2.100000e-02
4.999862e-07,-3.137664e-06,2.200000e-02
5.712763e-07,-3.453379e-06,2.300000e-02
6.490361e-07,-3.786321e-06,2.400000e-02
7.335461e-07,-4.136760e-06,2.500000e-02
8.250867e-07,-4.504968e-06,2.600000e-02
9.239381e-07,-4.891215e-06,2.700000e-02
1.030381e-06,-5.295774e-06,2.800000e-02
1.144694e-06,-5.718914e-06,2.900000e-02
1.267159e-06,-6.160906e-06,3.000000e-02
1.267159e-06,-7.381065e-06,3.000000e-02
1.398055e-06,-7.924673e-06,3.100000e-02
1.537660e-06,-8.490361e-06,3.200000e-02
1.686255e-06,-9.078400e-06,3.300000e-02
1.844119e-06,-9.689059e-06,3.400000e-02
2.011532e-06,-1.032261e-05,3.500000e-02
2.188773e-06,-1.097931e-05,3.600000e-02
2.376122e-06,-1.165945e-05,3.700000e-02
2.573858e-06,-1.236327e-05,3.800000e-02
2.782261e-06,-1.309107e-05,3.900000e-02
3.001609e-06,-1.384310e-05,4.000000e-02
3.001609e-06,-1.600130e-05,4.000000e-02
3.232181e-06,-1.688668e-05,4.100000e-02
3.474254e-06,-1.779949e-05,4.200000e-02
3.728107e-06,-1.874000e-05,4.300000e-02
3.994019e-06,-1.970848e-05,4.400000e-02
4.272269e-06,-2.070519e-05,4.500000e-02
4.563135e-06,-2.173041e-05,4.600000e-02
4.866896e-06,-2.278439e-05,4.700000e-02
5.183830e-06,-2.386740e-05,4.800000e-02
5.514215e-06,-2.497972e-05,4.900000e-02
5.858330e-06,-2.612160e-05,5.000000e-02
5.858330e-06,-2.947541e-05,5.000000e-02
6.216452e-06,-3.078192e-05,5.100000e-02
6.588855e-06,-3.212116e-05,5.200000e-02
6.975819e-06,-3.349339e-05,5.300000e-02
7.377620e-06,-3.489889e-05,5.400000e-02
7.794538e-06,-3.633792e-05,5.500000e-02
8.226848e-06,-3.781074e-05,5.600000e-02
8.674829e-06,-3.931761e-05,5.700000e-02
9.138758e-06,-4.085881e-05,5.800000e-02
9.618912e-06,-4.243459e-05,5.900000e-02
1.011557e-05,-4.404522e-05,6.000000e-02
1.011557e-05,-4.884661e-05,6.000000e-02
1.062900e-05,-5.065262e-05,6.100000e-02
1.115949e-05,-5.249661e-05,6.200000e-02
1.170730e-05,-5.437885e-05,6.300000e-02
1.227272e-05,-5.629958e-05,6.400000e-02
1.285602e-05,-5.825908e-05,6.500000e-02
1.345748e-05,-6.025761e-05,6.600000e-02
1.407737e-05,-6.229542e-05,6.700000e-02
1.471598e-05,-6.437279e-05,6.800000e-02
1.537357e-05,-6.648997e-05,6.900000e-02
1.605042e-05,-6.864722e-05,7.000000e-02
1.605042e-05,-7.514225e-05,7.000000e-02
1.674681e-05,-7.752510e-05,7.100000e-02
1.746301e-05,-7.995111e-05,7.200000e-02
1.819929e-05,-8.242055e-05,7.300000e-02
1.895593e-05,-8.493366e-05,7.400000e-02
1.973321e-05,-8.749072e-05,7.500000e-02
2.053139e-05,-9.009198e-05,7.600000e-02
2.135076e-05,-9.273770e-05,7.700000e-02
2.219159e-05,-9.542814e-05,7.800000e-02
2.305416e-05,-9.816356e-05,7.900000e-02
2.393873e-05,-1.009442e-04,8.000000e-02
2.393873e-05,-1.093728e-04,8.000000e-02
2.484559e-05,-1.124087e-04,8.100000e-02
2.577500e-05,-1.154929e-04,8.200000e-02
2.672723e-05,-1.186256e-04,8.300000e-02
2.770256e-05,-1.218071e-04,8.400000e-02
2.870127e-05,-1.250376e-04,8.500000e-02
2.972362e-05,-1.283175e-04,8.600000e-02
3.076990e-05,-1.316469e-04,8.700000e-02
3.184037e-05,-1.350262e-04,8.800000e-02
3.293531e-05,-1.384555e-04,8.900000e-02
3.405499e-05,-1.419352e-04,9.000000e-02
3.405499e-05,-1.525309e-04,9.000000e-02
3.519969e-05,-1.562948e-04,9.100000e-02
3.636966e-05,-1.601121e-04,9.200000e-02
3.756519e-05,-1.639830e-04,9.300000e-02
3.878654e-05,-1.679077e-04,9.400000e-02
4.003399e-05,-1.718865e-04,9.500000e-02
4.130781e-05,-1.759196e-04,9.600000e-02
4.260827e-05,-1.800074e-04,9.700000e-02
4.393565e-05,-1.841500e-04,9.800000e-02
4.529021e-05,-1.883477e-04,9.900000e-02
4.667224e-05,-1.926008e-04,1.000000e-01
4.667224e-05,-2.055910e-04,1.000000e-01
4.808199e-05,-2.101567e-04,1.010000e-01
4.951973e-05,-2.147808e-04,1.020000e-01
5.098574e-05,-2.194634e-04,1.030000e-01
5.248028e-05,-2.242049e-04,1.040000e-01
5.400363e-05,-2.290054e-04,1.050000e-01
5.555605e-05,-2.338652e-04,1.060000e-01
5.713782e-05,-2.387846e-04,1.070000e-01
5.874922e-05,-2.437638e-04,1.080000e-01
6.039050e-05,-2.488031e-04,1.090000e-01
6.206194e-05,-2.539027e-04,1.100000e-01
6.206194e-05,-2.695080e-04,1.100000e-01
6.376381e-05,-2.749480e-04,1.110000e-01
6.549636e-05,-2.804512e-04,1.120000e-01
6.725988e-05,-2.860179e-04,1.130000e-01
6.905462e-05,-2.916483e-04,1.140000e-01
7.088085e-05,-2.973426e-04,1.150000e-01
7.273886e-05,-3.031012e-04,1.160000e-01
7.462890e-05,-3.089243e-04,1.170000e-01
7.655124e-05,-3.148120e-04,1.180000e-01
7.850617e-05,-3.207647e-04,1.190000e-01
8.049393e-05,-3.267825e-04,1.200000e-01
8.049393e-05,-3.452179e-04,1.200000e-01
8.251481e-05,-3.516032e-04,1.210000e-01
8.456904e-05,-3.580567e-04,1.220000e-01
8.665691e-05,-3.645784e-04,1.230000e-01
8.877869e-05,-3.711686e-04,1.240000e-01
9.093463e-05,-3.778276e-04,1.250000e-01
9.312501e-05,-3.845557e-04,1.260000e-01
9.535010e-05,-3.913530e-04,1.270000e-01
9.761016e-05,-3.982198e-04,1.280000e-01
9.990547e-05,-4.051564e-04,1.290000e-01
1.022363e-04,-4.121629e-04,1.300000e-01
1.022363e-04,-4.336369e-04,1.300000e-01
1.046029e-04,-4.410373e-04,1.310000e-01
1.070055e-04,-4.485106e-04,1.320000e-01
1.094444e-04,-4.560569e-04,1.330000e-01
1.119198e-04,-4.636764e-04,1.340000e-01
1.144321e-04,-4.713695e-04,1.350000e-01
1.169815e-04,-4.791364e-04,1.360000e-01
1.195682e-04,-4.869772e-04,1.370000e-01
1.221926e-04,-4.948922e-04,1.380000e-01
1.248548e-04,-5.028817e-04,1.390000e-01
1.275553e-04,-5.109460e-04,1.400000e-01
1.275553e-04,-5.356612e-04,1.400000e-01
1.302941e-04,-5.441450e-04,1.410000e-01
1.330715e-04,-5.527064e-04,1.420000e-01
1.358880e-04,-5.613454e-04,1.430000e-01
1.387436e-04,-5.700623e-04,1.440000e-01
1.416386e-04,-5.788574e-04,1.450000e-01
1.445734e-04,-5.877309e-04,1.460000e-01
1.475482e-04,-5.966831e-04,1.470000e-01
1.505632e-04,-6.057140e-04,1.480000e-01
1.536188e-04,-6.148241e-04,1.490000e-01
1.567151e-04,-6.240136e-04,1.500000e-01
1.567151e-04,-6.521674e-04,1.500000e-01
1.598525e-04,-6.618015e-04,1.510000e-01
1.630311e-04,-6.715177e-04,1.520000e-01
1.662513e-04,-6.813161e-04,1.530000e-01
1.695134e-04,-6.911970e-04,1.540000e-01
1.728174e-04,-7.011607e-04,1.550000e-01
1.761639e-04,-7.112073e-04,1.560000e-01
1.795529e-04,-7.213370e-04,1.570000e-01
1.829848e-04,-7.315502e-04,1.580000e-01
1.864598e-04,-7.418471e-04,1.590000e-01
1.899782e-04,-7.522278e-04,1.600000e-01
1.899782e-04,-7.840125e-04,1.600000e-01
1.935402e-04,-7.948622e-04,1.610000e-01
1.971461e-04,-8.057986e-04,1.620000e-01
2.007962e-04,-8.168216e-04,1.630000e-01
2.044907e-04,-8.279316e-04,1.640000e-01
2.082298e-04,-8.391289e-04,1.650000e-01
2.120139e-04,-8.504135e-04,1.660000e-01
2.158431e-04,-8.617858e-04,1.670000e-01
2.197178e-04,-8.732460e-04,1.680000e-01
2.236382e-04,-8.847942e-04,1.690000e-01
2.276046e-04,-8.964308e-04,1.700000e-01
2.276046e-04,-9.320334e-04,1.700000e-01
2.316172e-04,-9.441628e-04,1.710000e-01
2.356763e-04,-9.563831e-04,1.720000e-01
2.397821e-04,-9.686945e-04,1.730000e-01
2.439348e-04,-9.810973e-04,1.740000e-01
2.481348e-04,-9.935917e-04,1.750000e-01
2.523823e-04,-1.006178e-03,1.760000e-01
2.566775e-04,-1.018856e-03,1.770000e-01
2.610208e-04,-1.031626e-03,1.780000e-01
2.654123e-04,-1.044489e-03,1.790000e-01
2.698524e-04,-1.057445e-03,1.800000e-01
2.698524e-04,-1.097049e-03,1.800000e-01
2.743413e-04,-1.110521e-03,1.810000e-01
2.788791e-04,-1.124087e-03,1.820000e-01
2.834662e-04,-1.137749e-03,1.830000e-01
2.881029e-04,-1.151507e-03,1.840000e-01
2.927893e-04,-1.165360e-03,1.850000e-01
2.975258e-04,-1.179310e-03,1.860000e-01
3.023126e-04,-1.193356e-03,1.870000e-01
3.071499e-04,-1.207498e-03,1.880000e-01
3.120380e-04,-1.221738e-03,1.890000e-01
3.169773e-04,-1.236074e-03,1.900000e-01
3.169773e-04,-1.279859e-03,1.900000e-01
3.219678e-04,-1.294733e-03,1.910000e-01
3.270099e-04,-1.309707e-03,1.920000e-01
3.321037e-04,-1.324780e-03,1.930000e-01
3.372496e-04,-1.339954e-03,1.940000e-01
3.424479e-04,-1.355227e-03,1.950000e-01
3.476986e-04,-1.370600e-03,1.960000e-01
3.530022e-04,-1.386074e-03,1.970000e-01
3.583589e-04,-1.401649e-03,1.980000e-01
3.637689e-04,-1.417325e-03,1.990000e-01
3.692325e-04,-1.433102e-03,2.000000e-01
3.692325e-04,-1.481245e-03,2.000000e-01
3.747499e-04,-1.497582e-03,2.010000e-01
3.803214e-04,-1.514022e-03,2.020000e-01
3.859471e-04,-1.530566e-03,2.030000e-01
3.916274e-04,-1.547214e-03,2.040000e-01
3.973626e-04,-1.563966e-03,2.050000e-01
4.031527e-04,-1.580822e-03,2.060000e-01
4.089982e-04,-1.597783e-03,2.070000e-01
4.148993e-04,-1.614849e-03,2.080000e-01
4.208562e-04,-1.632020e-03,2.090000e-01
4.268691e-04,-1.649296e-03,2.100000e-01
4.268691e-04,-1.701970e-03,2.100000e-01
4.329383e-04,-1.719827e-03,2.110000e-01
4.390641e-04,-1.737792e-03,2.120000e-01
4.452467e-04,-1.755864e-03,2.130000e-01
4.514862e-04,-1.774045e-03,2.140000e-01
4.577831e-04,-1.792333e-03,2.150000e-01
4.641375e-04,-1.810730e-03,2.160000e-01
4.705497e-04,-1.829236e-03,2.170000e-01
4.770199e-04,-1.847850e-03,2.180000e-01
4.835484e-04,-1.866573e-03,2.190000e-01
4.901354e-04,-1.885405e-03,2.200000e-01
4.901354e-04,-1.942783e-03,2.200000e-01
4.967812e-04,-1.962217e-03,2.210000e-01
5.034859e-04,-1.981763e-03,2.220000e-01
5.102499e-04,-2.001420e-03,2.230000e-01
5.170734e-04,-2.021188e-03,2.240000e-01
5.239566e-04,-2.041069e-03,2.250000e-01
5.308998e-04,-2.061063e-03,2.260000e-01
5.379032e-04,-2.081168e-03,2.270000e-01
5.449670e-04,-2.101386e-03,2.280000e-01
5.520916e-04,-2.121717e-03,2.290000e-01
5.592772e-04,-2.142162e-03,2.300000e-01
5.592772e-04,-2.204415e-03,2.300000e-01
5.665239e-04,-2.225481e-03,2.310000e-01
5.738321e-04,-2.246662e-03,2.320000e-01
5.812019e-04,-2.267958e-03,2.330000e-01
5.886336e-04,-2.289370e-03,2.340000e-01
5.961275e-04,-2.310898e-03,2.350000e-01
6.036837e-04,-2.332542e-03,2.360000e-01
6.113026e-04,-2.354302e-03,2.370000e-01
6.189844e-04,-2.376179e-03,2.380000e-01
6.267293e-04,-2.398172e-03,2.390000e-01
6.345376e-04,-2.420282e-03,2.400000e-01
6.345376e-04,-2.487582e-03,2.400000e-01
6.424095e-04,-2.510333e-03,2.410000e-01
6.503452e-04,-2.533203e-03,2.420000e-01
6.583450e-04,-2.556192e-03,2.430000e-01
6.664090e-04,-2.579301e-03,2.440000e-01
6.745376e-04,-2.602529e-03,2.450000e-01
6.827309e-04,-2.625877e-03,2.460000e-01
6.909893e-04,-2.649345e-03,2.470000e-01
6.993130e-04,-2.672932e-03,2.480000e-01
7.077022e-04,-2.696641e-03,2.490000e-01
7.161571e-04,-2.720469e-03,2.500000e-01
7.161571e-04,-2.792986e-03,2.500000e-01
7.246780e-04,-2.817475e-03,2.510000e-01
7.332651e-04,-2.842086e-03,2.520000e-01
7.419186e-04,-2.866820e-03,2.530000e-01
7.506388e-04,-2.891677e-03,2.540000e-01
7.594259e-04,-2.916657e-03,2.550000e-01
7.682801e-04,-2.941760e-03,2.560000e-01
7.772017e-04,-2.966987e-03,2.570000e-01
7.861909e-04,-2.992337e-03,2.580000e-01
7.952480e-04,-3.017812e-03,2.590000e-01
8.043733e-04,-3.043410e-03,2.600000e-01
8.043733e-04,-3.121318e-03,2.600000e-01
8.135668e-04,-3.147595e-03,2.610000e-01
8.228289e-04,-3.173997e-03,2.620000e-01
8.321597e-04,-3.200526e-03,2.630000e-01
8.415595e-04,-3.227182e-03,2.640000e-01
8.510285e-04,-3.253964e-03,2.650000e-01
8.605670e-04,-3.280873e-03,2.660000e-01
8.701753e-04,-3.307909e-03,2.670000e-01
8.798535e-04,-3.335072e-03,2.680000e-01
8.896019e-04,-3.362362e-03,2.690000e-01
8.994207e-04,-3.389780e-03,2.700000e-01
8.994207e-04,-3.473254e-03,2.700000e-01
9.093102e-04,-3.501368e-03,2.710000e-01
9.192705e-04,-3.529612e-03,2.720000e-01
9.293019e-04,-3.557985e-03,2.730000e-01
9.394045e-04,-3.586488e-03,2.740000e-01
9.495788e-04,-3.615121e-03,2.750000e-01
9.598247e-04,-3.643885e-03,2.760000e-01
9.701428e-04,-3.672778e-03,2.770000e-01
9.805330e-04,-3.701803e-03,2.780000e-01
9.909958e-04,-3.730957e-03,2.790000e-01
1.001531e-03,-3.760243e-03,2.800000e-01
1.001531e-03,-3.849462e-03,2.800000e-01
1.012140e-03,-3.879462e-03,2.810000e-01
1.022821e-03,-3.909594e-03,2.820000e-01
1.033576e-03,-3.939859e-03,2.830000e-01
1.044405e-03,-3.970257e-03,2.840000e-01
1.055307e-03,-4.000789e-03,2.850000e-01
1.066283e-03,-4.031454e-03,2.860000e-01
1.077334e-03,-4.062253e-03,2.870000e-01
1.088459e-03,-4.093185e-03,2.880000e-01
1.099659e-03,-4.124252e-03,2.890000e-01
1.110934e-03,-4.155452e-03,2.900000e-01
1.110934e-03,-4.250599e-03,2.900000e-01
1.122284e-03,-4.282531e-03,2.910000e-01
1.133709e-03,-4.314598e-03,2.920000e-01
1.145210e-03,-4.346801e-03,2.930000e-01
1.156787e-03,-4.379141e-03,2.940000e-01
1.168440e-03,-4.411617e-03,2.950000e-01
1.180169e-03,-4.444230e-03,2.960000e-01
1.191975e-03,-4.476980e-03,2.970000e-01
1.203857e-03,-4.509867e-03,2.980000e-01
1.215817e-03,-4.542891e-03,2.990000e-01
1.227854e-03,-4.576052e-03,3.000000e-01
1.227854e-03,-4.677314e-03,3.000000e-01
1.239968e-03,-4.711223e-03,3.010000e-01
1.252159e-03,-4.745270e-03,3.020000e-01
1.264429e-03,-4.779457e-03,3.030000e-01
1.276776e-03,-4.813783e-03,3.040000e-01
1.289202e-03,-4.848249e-03,3.050000e-01
1.301707e-03,-4.882855e-03,3.060000e-01
1.314290e-03,-4.917600e-03,3.070000e-01
1.326952e-03,-4.952486e-03,3.080000e-01
1.339693e-03,-4.987512e-03,3.090000e-01
1.352513e-03,-5.022678e-03,3.100000e-01
1.352513e-03,-5.130251e-03,3.100000e-01
1.365414e-03,-5.166181e-03,3.110000e-01
1.378394e-03,-5.202252e-03,3.120000e-01
1.391454e-03,-5.238466e-03,3.130000e-01
1.404594e-03,-5.274823e-03,3.140000e-01
1.417815e-03,-5.311322e-03,3.150000e-01
1.431116e-03,-5.347963e-03,3.160000e-01
1.444498e-03,-5.384748e-03,3.170000e-01
1.457962e-03,-5.421676e-03,3.180000e-01
1.471506e-03,-5.458747e-03,3.190000e-01
1.485133e-03,-5.495961e-03,3.200000e-01
1.485133e-03,-5.610046e-03,3.200000e-01
1.498841e-03,-5.648039e-03,3.210000e-01
1.512631e-03,-5.686178e-03,3.220000e-01
1.526503e-03,-5.724462e-03,3.230000e-01
1.540457e-03,-5.762891e-03,3.240000e-01
1.554495e-03,-5.801465e-03,3.250000e-01
1.568615e-03,-5.840185e-03,3.260000e-01
1.582818e-03,-5.879051e-03,3.270000e-01
1.597104e-03,-5.918063e-03,3.280000e-01
1.611474e-03,-5.957221e-03,3.290000e-01
1.625927e-03,-5.996525e-03,3.300000e-01
1.625927e-03,-6.117335e-03,3.300000e-01
1.640464e-03,-6.157434e-03,3.310000e-01
1.655086e-03,-6.197681e-03,3.320000e-01
1.669792e-03,-6.238076e-03,3.330000e-01
1.684582e-03,-6.278619e-03,3.340000e-01
1.699457e-03,-6.319310e-03,3.350000e-01
1.714416e-03,-6.360150e-03,3.360000e-01
1.729461e-03,-6.401138e-03,3.370000e-01
1.744592e-03,-6.442275e-03,3.380000e-01
1.759808e-03,-6.483560e-03,3.390000e-01
1.775109e-03,-6.524995e-03,3.400000e-01
1.775109e-03,-6.652750e-03,3.400000e-01
1.790497e-03,-6.694995e-03,3.410000e-01
1.805971e-03,-6.737390e-03,3.420000e-01
1.821531e-03,-6.779937e-03,3.430000e-01
1.837178e-03,-6.822633e-03,3.440000e-01
1.852912e-03,-6.865481e-03,3.450000e-01
1.868732e-03,-6.908480e-03,3.460000e-01
1.884640e-03,-6.951631e-03,3.470000e-01
1.900635e-03,-6.994932e-03,3.480000e-01
1.916718e-03,-7.038385e-03,3.490000e-01
1.932889e-03,-7.081990e-03,3.500000e-01
1.932889e-03,-7.216923e-03,3.500000e-01
1.949148e-03,-7.261353e-03,3.510000e-01
1.965495e-03,-7.305936e-03,3.520000e-01
1.981930e-03,-7.350673e-03,3.530000e-01
1.998454e-03,-7.395563e-03,3.540000e-01
2.015067e-03,-7.440606e-03,3.550000e-01
2.031769e-03,-7.485803e-03,3.560000e-01
2.048560e-03,-7.531154e-03,3.570000e-01
2.065441e-03,-7.576659e-03,3.580000e-01
2.082412e-03,-7.622318e-03,3.590000e-01
2.099472e-03,-7.668131e-03,3.600000e-01
2.099472e-03,-7.810488e-03,3.600000e-01
2.116622e-03,-7.857142e-03,3.610000e-01
2.133863e-03,-7.903951e-03,3.620000e-01
2.151194e-03,-7.950916e-03,3.630000e-01
2.168615e-03,-7.998037e-03,3.640000e-01
2.186128e-03,-8.045314e-03,3.650000e-01
2.203731e-03,-8.092747e-03,3.660000e-01
2.221426e-03,-8.140336e-03,3.670000e-01
2.239212e-03,-8.188082e-03,3.680000e-01
2.257090e-03,-8.235984e-03,3.690000e-01
2.275060e-03,-8.284042e-03,3.700000e-01
2.275060e-03,-8.434085e-03,3.700000e-01
2.293122e-03,-8.482999e-03,3.710000e-01
2.311276e-03,-8.532072e-03,3.720000e-01
2.329522e-03,-8.581302e-03,3.730000e-01
2.347861e-03,-8.630691e-03,3.740000e-01
2.366293e-03,-8.680238e-03,3.750000e-01
2.384818e-03,-8.729944e-03,3.760000e-01
2.403436e-03,-8.779808e-03,3.770000e-01
2.422147e-03,-8.829831e-03,3.780000e-01
2.440952e-03,-8.880013e-03,3.790000e-01
2.459852e-03,-8.930353e-03,3.800000e-01
2.459852e-03,-9.088359e-03,3.800000e-01
2.478845e-03,-9.139570e-03,3.810000e-01
2.497932e-03,-9.190942e-03,3.820000e-01
2.517113e-03,-9.242473e-03,3.830000e-01
2.536389e-03,-9.294166e-03,3.840000e-01
2.555760e-03,-9.346019e-03,3.850000e-01
2.575226e-03,-9.398033e-03,3.860000e-01
2.594787e-03,-9.450208e-03,3.870000e-01
2.614443e-03,-9.502544e-03,3.880000e-01
2.634195e-03,-9.555040e-03,3.890000e-01
2.654042e-03,-9.607699e-03,3.900000e-01
2.654042e-03,-9.773961e-03,3.900000e-01
2.673986e-03,-9.827504e-03,3.910000e-01
2.694025e-03,-9.881210e-03,3.920000e-01
2.714161e-03,-9.935078e-03,3.930000e-01
2.734393e-03,-9.989110e-03,3.940000e-01
2.754722e-03,-1.004330e-02,3.950000e-01
2.775148e-03,-1.009766e-02,3.960000e-01
2.795671e-03,-1.015218e-02,3.970000e-01
2.816291e-03,-1.020686e-02,3.980000e-01
2.837008e-03,-1.026171e-02,3.990000e-01
2.857823e-03,-1.031672e-02,4.000000e-01
2.857823e-03,-1.049155e-02,4.000000e-01
2.878736e-03,-1.054746e-02,4.010000e-01
2.899747e-03,-1.060354e-02,4.020000e-01
2.920856e-03,-1.065978e-02,4.030000e-01
2.942063e-03,-1.071618e-02,4.040000e-01
2.963369e-03,-1.077275e-02,4.050000e-01
2.984773e-03,-1.082949e-02,4.060000e-01
3.006276e-03,-1.088638e-02,4.070000e-01
3.027879e-03,-1.094345e-02,4.080000e-01
3.049581e-03,-1.100068e-02,4.090000e-01
3.071382e-03,-1.105807e-02,4.100000e-01
3.071382e-03,-1.124182e-02,4.100000e-01
3.093283e-03,-1.130013e-02,4.110000e-01
3.115283e-03,-1.135861e-02,4.120000e-01
3.137384e-03,-1.141725e-02,4.130000e-01
3.159584e-03,-1.147606e-02,4.140000e-01
3.181885e-03,-1.153504e-02,4.150000e-01
3.204287e-03,-1.159418e-02,4.160000e-01
3.226789e-03,-1.165349e-02,4.170000e-01
3.249392e-03,-1.171297e-02,4.180000e-01
3.272096e-03,-1.177261e-02,4.190000e-01
3.294902e-03,-1.183243e-02,4.200000e-01
3.294902e-03,-1.202545e-02,4.200000e-01
3.317808e-03,-1.208619e-02,4.210000e-01
3.340817e-03,-1.214710e-02,4.220000e-01
3.363927e-03,-1.220818e-02,4.230000e-01
3.387139e-03,-1.226943e-02,4.240000e-01
3.410453e-03,-1.233085e-02,4.250000e-01
3.433870e-03,-1.239243e-02,4.260000e-01
3.457389e-03,-1.245419e-02,4.270000e-01
3.481010e-03,-1.251611e-02,4.280000e-01
3.504735e-03,-1.257821e-02,4.290000e-01
3.528562e-03,-1.264047e-02,4.300000e-01
3.528562e-03,-1.284315e-02,4.300000e-01
3.552493e-03,-1.290636e-02,4.310000e-01
3.576527e-03,-1.296974e-02,4.320000e-01
3.600664e-03,-1.303328e-02,4.330000e-01
3.624905e-03,-1.309700e-02,4.340000e-01
3.649250e-03,-1.316089e-02,4.350000e-01
3.673699e-03,-1.322495e-02,4.360000e-01
3.698253e-03,-1.328918e-02,4.370000e-01
3.722910e-03,-1.335359e-02,4.380000e-01
3.747672e-03,-1.341816e-02,4.390000e-01
3.772539e-03,-1.348290e-02,4.400000e-01
3.772539e-03,-1.369567e-02,4.400000e-01
3.797511e-03,-1.376137e-02,4.410000e-01
3.822588e-03,-1.382725e-02,4.420000e-01
3.847770e-03,-1.389330e-02,4.430000e-01
3.873058e-03,-1.395952e-02,4.440000e-01
3.898451e-03,-1.402591e-02,4.450000e-01
3.923949e-03,-1.409247e-02,4.460000e-01
3.949554e-03,-1.415921e-02,4.470000e-01
3.975264e-03,-1.422612e-02,4.480000e-01
4.001081e-03,-1.429320e-02,4.490000e-01
4.027005e-03,-1.436046e-02,4.500000e-01
4.027005e-03,-1.458375e-02,4.500000e-01
4.053035e-03,-1.465199e-02,4.510000e-01
4.079171e-03,-1.472039e-02,4.520000e-01
4.105415e-03,-1.478897e-02,4.530000e-01
4.131765e-03,-1.485772e-02,4.540000e-01
4.158223e-03,-1.492665e-02,4.550000e-01
4.184788e-03,-1.499575e-02,4.560000e-01
4.211461e-03,-1.506502e-02,4.570000e-01
4.238241e-03,-1.513447e-02,4.580000e-01
4.265129e-03,-1.520409e-02,4.590000e-01
4.292126e-03,-1.527389e-02,4.600000e-01
4.292126e-03,-1.550821e-02,4.600000e-01
4.319230e-03,-1.557899e-02,4.610000e-01
4.346443e-03,-1.564996e-02,4.620000e-01
4.373765e-03,-1.572110e-02,4.630000e-01
4.401195e-03,-1.579241e-02,4.640000e-01
4.428733e-03,-1.586390e-02,4.650000e-01
4.456381e-03,-1.593557e-02,4.660000e-01
4.484138e-03,-1.600741e-02,4.670000e-01
4.512004e-03,-1.607942e-02,4.680000e-01
4.539980e-03,-1.615161e-02,4.690000e-01
4.568066e-03,-1.622398e-02,4.700000e-01
4.568066e-03,-1.646985e-02,4.700000e-01
4.596261e-03,-1.654322e-02,4.710000e-01
4.624566e-03,-1.661677e-02,4.720000e-01
4.652981e-03,-1.669050e-02,4.730000e-01
4.681507e-03,-1.676441e-02,4.740000e-01
4.710142e-03,-1.683849e-02,4.750000e-01
4.738889e-03,-1.691275e-02,4.760000e-01
4.767746e-03,-1.698718e-02,4.770000e-01
4.796714e-03,-1.706180e-02,4.780000e-01
4.825793e-03,-1.713659e-02,4.790000e-01
4.854983e-03,-1.721155e-02,4.800000e-01
4.854983e-03,-1.746954e-02,4.800000e-01
4.884285e-03,-1.754553e-02,4.810000e-01
4.913698e-03,-1.762170e-02,4.820000e-01
4.943222e-03,-1.769805e-02,4.830000e-01
4.972859e-03,-1.777457e-02,4.840000e-01
5.002607e-03,-1.785128e-02,4.850000e-01
5.032467e-03,-1.792816e-02,4.860000e-01
5.062440e-03,-1.800522e-02,4.870000e-01
5.092525e-03,-1.808246e-02,4.880000e-01
5.122722e-03,-1.815987e-02,4.890000e-01
5.153033e-03,-1.823747e-02,4.900000e-01
5.153033e-03,-1.850819e-02,4.900000e-01
5.183456e-03,-1.858682e-02,4.910000e-01
5.213992e-03,-1.866564e-02,4.920000e-01
5.244641e-03,-1.874464e-02,4.930000e-01
5.275403e-03,-1.882381e-02,4.940000e-01
5.306279e-03,-1.890316e-02,4.950000e-01
5.337268e-03,-1.898270e-02,4.960000e-01
5.368371e-03,-1.906241e-02,4.970000e-01
5.399588e-03,-1.914230e-02,4.980000e-01
5.430919e-03,-1.922237e-02,4.990000e-01
5.462364e-03,-1.930262e-02,5.000000e-01
5.462364e-03,-1.958675e-02,5.000000e-01
5.493924e-03,-1.966807e-02,5.010000e-01
5.525598e-03,-1.974956e-02,5.020000e-01
5.557386e-03,-1.983123e-02,5.030000e-01
5.589289e-03,-1.991308e-02,5.040000e-01
5.621307e-03,-1.999511e-02,5.050000e-01
5.653439e-03,-2.007732e-02,5.060000e-01
5.685687e-03,-2.015972e-02,5.070000e-01
5.718050e-03,-2.024229e-02,5.080000e-01
5.750529e-03,-2.032504e-02,5.090000e-01
5.783124e-03,-2.040798e-02,5.100000e-01
5.783124e-03,-2.070624e-02,5.100000e-01
5.815834e-03,-2.079026e-02,5.110000e-01
5.848659e-03,-2.087445e-02,5.120000e-01
5.881601e-03,-2.095882e-02,5.130000e-01
5.914659e-03,-2.104338e-02,5.140000e-01
5.947833e-03,-2.112812e-02,5.150000e-01
5.981123e-03,-2.121304e-02,5.160000e-01
6.014530e-03,-2.129814e-02,5.170000e-01
6.048053e-03,-2.138342e-02,5.180000e-01
6.081694e-03,-2.146889e-02,5.190000e-01
6.115451e-03,-2.155453e-02,5.200000e-01
6.115451e-03,-2.186773e-02,5.200000e-01
6.149326e-03,-2.195447e-02,5.210000e-01
6.183317e-03,-2.204140e-02,5.220000e-01
6.217426e-03,-2.212851e-02,5.230000e-01
6.251652e-03,-2.221580e-02,5.240000e-01
6.285996e-03,-2.230327e-02,5.250000e-01
6.320457e-03,-2.239092e-02,5.260000e-01
6.355036e-03,-2.247876e-02,5.270000e-01
6.389734e-03,-2.256678e-02,5.280000e-01
6.424549e-03,-2.265498e-02,5.290000e-01
6.459483e-03,-2.274337e-02,5.300000e-01
6.459483e-03,-2.307236e-02,5.300000e-01
6.494535e-03,-2.316186e-02,5.310000e-01
6.529706e-03,-2.325154e-02,5.320000e-01
6.564995e-03,-2.334141e-02,5.330000e-01
6.600403e-03,-2.343146e-02,5.340000e-01
6.635929e-03,-2.352169e-02,5.350000e-01
6.671575e-03,-2.361211e-02,5.360000e-01
6.707340e-03,-2.370271e-02,5.370000e-01
6.743224e-03,-2.379350e-02,5.380000e-01
6.779227e-03,-2.388446e-02,5.390000e-01
6.815350e-03,-2.397561e-02,5.400000e-01
6.815350e-03,-2.432134e-02,5.400000e-01
6.851593e-03,-2.441363e-02,5.410000e-01
6.887956e-03,-2.450610e-02,5.420000e-01
6.924438e-03,-2.459875e-02,5.430000e-01
6.961040e-03,-2.469159e-02,5.440000e-01
6.997762e-03,-2.478462e-02,5.450000e-01
7.034604e-03,-2.487782e-02,5.460000e-01
7.071567e-03,-2.497121e-02,5.470000e-01
7.108650e-03,-2.506479e-02,5.480000e-01
7.145854e-03,-2.515855e-02,5.490000e-01
7.183179e-03,-2.525249e-02,5.500000e-01
7.183179e-03,-2.561598e-02,5.500000e-01
7.220625e-03,-2.571108e-02,5.510000e-01
7.258191e-03,-2.580637e-02,5.520000e-01
7.295879e-03,-2.590184e-02,5.530000e-01
7.333687e-03,-2.599749e-02,5.540000e-01
7.371617e-03,-2.609333e-02,5.550000e-01
7.409668e-03,-2.618936e-02,5.560000e-01
7.447841e-03,-2.628557e-02,5.570000e-01
7.486135e-03,-2.638196e-02,5.580000e-01
7.524552e-03,-2.647854e-02,5.590000e-01
7.563090e-03,-2.657530e-02,5.600000e-01
7.563090e-03,-2.695768e-02,5.600000e-01
7.601750e-03,-2.705562e-02,5.610000e-01
7.640533e-03,-2.715375e-02,5.620000e-01
7.679437e-03,-2.725206e-02,5.630000e-01
7.718464e-03,-2.735056e-02,5.640000e-01
7.757613e-03,-2.744925e-02,5.650000e-01
7.796884e-03,-2.754812e-02,5.660000e-01
7.836278e-03,-2.764717e-02,5.670000e-01
7.875796e-03,-2.774641e-02,5.680000e-01
7.915436e-03,-2.784584e-02,5.690000e-01
7.955199e-03,-2.794545e-02,5.700000e-01
7.955199e-03,-2.834793e-02,5.700000e-01
7.995085e-03,-2.844875e-02,5.710000e-01
8.035094e-03,-2.854975e-02,5.720000e-01
8.075227e-03,-2.865094e-02,5.730000e-01
8.115483e-03,-2.875231e-02,5.740000e-01
8.155862e-03,-2.885387e-02,5.750000e-01
8.196365e-03,-2.895561e-02,5.760000e-01
8.236992e-03,-2.905754e-02,5.770000e-01
8.277742e-03,-2.915965e-02,5.780000e-01
8.318617e-03,-2.926195e-02,5.790000e-01
8.359616e-03,-2.936444e-02,5.800000e-01
8.359616e-03,-2.978838e-02,5.800000e-01
8.400739e-03,-2.989210e-02,5.810000e-01
8.441986e-03,-2.999600e-02,5.820000e-01
8.483357e-03,-3.010009e-02,5.830000e-01
8.524853e-03,-3.020436e-02,5.840000e-01
8.566473e-03,-3.030882e-02,5.850000e-01
8.608217e-03,-3.041346e-02,5.860000e-01
8.650087e-03,-3.051829e-02,5.870000e-01
8.692081e-03,-3.062331e-02,5.880000e-01
8.734201e-03,-3.072852e-02,5.890000e-01
8.776445e-03,-3.083391e-02,5.900000e-01
8.776445e-03,-3.128079e-02,5.900000e-01
8.818815e-03,-3.138743e-02,5.910000e-01
8.861310e-03,-3.149426e-02,5.920000e-01
8.903930e-03,-3.160128e-02,5.930000e-01
8.946675e-03,-3.170848e-02,5.940000e-01
8.989546e-03,-3.181587e-02,5.950000e-01
9.032542e-03,-3.192344e-02,5.960000e-01
9.075665e-03,-3.203121e-02,5.970000e-01
9.118912e-03,-3.213915e-02,5.980000e-01
9.162286e-03,-3.224729e-02,5.990000e-01
9.205787e-03,-3.235561e-02,6.000000e-01
9.205787e-03,-3.282706e-02,6.000000e-01
9.249413e-03,-3.293666e-02,6.010000e-01
9.293165e-03,-3.304645e-02,6.020000e-01
9.337043e-03,-3.315642e-02,6.030000e-01
9.381047e-03,-3.326658e-02,6.040000e-01
9.425178e-03,-3.337693e-02,6.050000e-01
9.469436e-03,-3.348746e-02,6.060000e-01
9.513819e-03,-3.359819e-02,6.070000e-01
9.558330e-03,-3.370909e-02,6.080000e-01
9.602968e-03,-3.382019e-02,6.090000e-01
9.647732e-03,-3.393147e-02,6.100000e-01
9.647732e-03,-3.442928e-02,6.100000e-01
9.692624e-03,-3.454187e-02,6.110000e-01
9.737642e-03,-3.465464e-02,6.120000e-01
9.782787e-03,-3.476761e-02,6.130000e-01
9.828060e-03,-3.488076e-02,6.140000e-01
9.873459e-03,-3.499409e-02,6.150000e-01
9.918986e-03,-3.510762e-02,6.160000e-01
9.964640e-03,-3.522133e-02,6.170000e-01
1.001042e-02,-3.533522e-02,6.180000e-01
1.005633e-02,-3.544931e-02,6.190000e-01
1.010237e-02,-3.556358e-02,6.200000e-01
1.010237e-02,-3.608971e-02,6.200000e-01
1.014853e-02,-3.620532e-02,6.210000e-01
1.019483e-02,-3.632112e-02,6.220000e-01
1.024125e-02,-3.643710e-02,6.230000e-01
1.028780e-02,-3.655327e-02,6.240000e-01
1.033447e-02,-3.666962e-02,6.250000e-01
1.038128e-02,-3.678617e-02,6.260000e-01
1.042821e-02,-3.690290e-02,6.270000e-01
1.047527e-02,-3.701981e-02,6.280000e-01
1.052246e-02,-3.713692e-02,6.290000e-01
1.056978e-02,-3.725420e-02,6.300000e-01
1.056978e-02,-3.781086e-02,6.300000e-01
1.061722e-02,-3.792952e-02,6.310000e-01
1.066480e-02,-3.804837e-02,6.320000e-01
1.071250e-02,-3.816740e-02,6.330000e-01
1.076033e-02,-3.828662e-02,6.340000e-01
1.080829e-02,-3.840602e-02,6.350000e-01
1.085638e-02,-3.852562e-02,6.360000e-01
1.090460e-02,-3.864540e-02,6.370000e-01
1.095295e-02,-3.876536e-02,6.380000e-01
1.100143e-02,-3.888552e-02,6.390000e-01
1.105003e-02,-3.900585e-02,6.400000e-01
1.105003e-02,-3.959545e-02,6.400000e-01
1.109877e-02,-3.971719e-02,6.410000e-01
1.114763e-02,-3.983912e-02,6.420000e-01
1.119662e-02,-3.996124e-02,6.430000e-01
1.124575e-02,-4.008354e-02,6.440000e-01
1.129500e-02,-4.020603e-02,6.450000e-01
1.134438e-02,-4.032870e-02,6.460000e-01
1.139389e-02,-4.045156e-02,6.470000e-01
1.144353e-02,-4.057461e-02,6.480000e-01
1.149330e-02,-4.069785e-02,6.490000e-01
1.154320e-02,-4.082127e-02,6.500000e-01
1.154320e-02,-4.144650e-02,6.500000e-01
1.159323e-02,-4.157136e-02,6.510000e-01
1.164339e-02,-4.169640e-02,6.520000e-01
1.169368e-02,-4.182163e-02,6.530000e-01
1.174409e-02,-4.194705e-02,6.540000e-01
1.179464e-02,-4.207265e-02,6.550000e-01
1.184532e-02,-4.219844e-02,6.560000e-01
1.189613e-02,-4.232442e-02,6.570000e-01
1.194707e-02,-4.245058e-02,6.580000e-01
1.199814e-02,-4.257693e-02,6.590000e-01
1.204934e-02,-4.270346e-02,6.600000e-01
1.204934e-02,-4.336732e-02,6.600000e-01
1.210067e-02,-4.349533e-02,6.610000e-01
1.215213e-02,-4.362352e-02,6.620000e-01
1.220372e-02,-4.375190e-02,6.630000e-01
1.225544e-02,-4.388047e-02,6.640000e-01
1.230729e-02,-4.400922e-02,6.650000e-01
1.235927e-02,-4.413816e-02,6.660000e-01
1.241138e-02,-4.426729e-02,6.670000e-01
1.246362e-02,-4.439660e-02,6.680000e-01
1.251600e-02,-4.452609e-02,6.690000e-01
1.256850e-02,-4.465577e-02,6.700000e-01
1.256850e-02,-4.536160e-02,6.700000e-01
1.262114e-02,-4.549280e-02,6.710000e-01
1.267390e-02,-4.562418e-02,6.720000e-01
1.272680e-02,-4.575574e-02,6.730000e-01
1.277982e-02,-4.588750e-02,6.740000e-01
1.283298e-02,-4.601943e-02,6.750000e-01
1.288627e-02,-4.615155e-02,6.760000e-01
1.293969e-02,-4.628386e-02,6.770000e-01
1.299324e-02,-4.641635e-02,6.780000e-01
1.304692e-02,-4.654903e-02,6.790000e-01
1.310073e-02,-4.668190e-02,6.800000e-01
1.310073e-02,-4.743344e-02,6.800000e-01
1.315468e-02,-4.756786e-02,6.810000e-01
1.320875e-02,-4.770246e-02,6.820000e-01
1.326296e-02,-4.783725e-02,6.830000e-01
1.331730e-02,-4.797222e-02,6.840000e-01
1.337176e-02,-4.810738e-02,6.850000e-01
1.342636e-02,-4.824272e-02,6.860000e-01
1.348109e-02,-4.837825e-02,6.870000e-01
1.353595e-02,-4.851396e-02,6.880000e-01
1.359095e-02,-4.864985e-02,6.890000e-01
1.364607e-02,-4.878594e-02,6.900000e-01
1.364607e-02,-4.958739e-02,6.900000e-01
1.370133e-02,-4.972507e-02,6.910000e-01
1.375672e-02,-4.986293e-02,6.920000e-01
1.381223e-02,-5.000098e-02,6.930000e-01
1.386788e-02,-5.013921e-02,6.940000e-01
1.392366e-02,-5.027763e-02,6.950000e-01
1.397958e-02,-5.041623e-02,6.960000e-01
1.403562e-02,-5.055501e-02,6.970000e-01
1.409180e-02,-5.069398e-02,6.980000e-01
1.414810e-02,-5.083313e-02,6.990000e-01
1.420454e-02,-5.097247e-02,7.000000e-01
1.420454e-02,-5.182858e-02,7.000000e-01
1.426111e-02,-5.196956e-02,7.010000e-01
1.431782e-02,-5.211072e-02,7.020000e-01
1.437465e-02,-5.225207e-02,7.030000e-01
1.443161e-02,-5.239360e-02,7.040000e-01
1.448871e-02,-5.253531e-02,7.050000e-01
1.454594e-02,-5.267721e-02,7.060000e-01
1.460330e-02,-5.281929e-02,7.070000e-01
1.466079e-02,-5.296155e-02,7.080000e-01
1.471841e-02,-5.310399e-02,7.090000e-01
1.477617e-02,-5.324662e-02,7.100000e-01
1.477617e-02,-5.416273e-02,7.100000e-01
1.483405e-02,-5.430705e-02,7.110000e-01
1.489207e-02,-5.445155e-02,7.120000e-01
1.495022e-02,-5.459624e-02,7.130000e-01
1.500850e-02,-5.474111e-02,7.140000e-01
1.506691e-02,-5.488616e-02,7.150000e-01
1.512546e-02,-5.503139e-02,7.160000e-01
1.518413e-02,-5.517681e-02,7.170000e-01
1.524294e-02,-5.532241e-02,7.180000e-01
1.530188e-02,-5.546819e-02,7.190000e-01
1.536095e-02,-5.561415e-02,7.200000e-01
1.536095e-02,-5.659632e-02,7.200000e-01
1.542015e-02,-5.674403e-02,7.210000e-01
1.547949e-02,-5.689192e-02,7.220000e-01
1.553895e-02,-5.703999e-02,7.230000e-01
1.559855e-02,-5.718824e-02,7.240000e-01
1.565828e-02,-5.733667e-02,7.250000e-01
1.571814e-02,-5.748528e-02,7.260000e-01
1.577813e-02,-5.763407e-02,7.270000e-01
1.583825e-02,-5.778305e-02,7.280000e-01
1.589851e-02,-5.793220e-02,7.290000e-01
1.595889e-02,-5.808154e-02,7.300000e-01
1.595889e-02,-5.913670e-02,7.300000e-01
1.601941e-02,-5.928783e-02,7.310000e-01
1.608006e-02,-5.943915e-02,7.320000e-01
1.614084e-02,-5.959064e-02,7.330000e-01
1.620175e-02,-5.974232e-02,7.340000e-01
1.626280e-02,-5.989417e-02,7.350000e-01
1.632397e-02,-6.004621e-02,7.360000e-01
1.638528e-02,-6.019842e-02,7.370000e-01
1.644671e-02,-6.035082e-02,7.380000e-01
1.650828e-02,-6.050340e-02,7.390000e-01
1.656998e-02,-6.065615e-02,7.400000e-01
1.656998e-02,-6.179220e-02,7.400000e-01
1.663182e-02,-6.194680e-02,7.410000e-01
1.669378e-02,-6.210159e-02,7.420000e-01
1.675587e-02,-6.225656e-02,7.430000e-01
1.681810e-02,-6.241170e-02,7.440000e-01
1.688045e-02,-6.256703e-02,7.450000e-01
1.694294e-02,-6.272253e-02,7.460000e-01
1.700556e-02,-6.287821e-02,7.470000e-01
1.706830e-02,-6.303408e-02,7.480000e-01
1.713118e-02,-6.319011e-02,7.490000e-01
1.719420e-02,-6.334633e-02,7.500000e-01
1.719420e-02,-6.457236e-02,7.500000e-01
1.725734e-02,-6.473049e-02,7.510000e-01
1.732061e-02,-6.488880e-02,7.520000e-01
1.738401e-02,-6.504728e-02,7.530000e-01
1.744755e-02,-6.520595e-02,7.540000e-01
1.751121e-02,-6.536479e-02,7.550000e-01
1.757501e-02,-6.552380e-02,7.560000e-01
1.763893e-02,-6.568300e-02,7.570000e-01
1.770299e-02,-6.584237e-02,7.580000e-01
1.776718e-02,-6.600192e-02,7.590000e-01
1.783149e-02,-6.616164e-02,7.600000e-01
1.783149e-02,-6.748816e-02,7.600000e-01
1.789594e-02,-6.764986e-02,7.610000e-01
1.796052e-02,-6.781174e-02,7.620000e-01
1.802523e-02,-6.797379e-02,7.630000e-01
1.809007e-02,-6.813602e-02,7.640000e-01
1.815503e-02,-6.829842e-02,7.650000e-01
1.822013e-02,-6.846100e-02,7.660000e-01
1.828536e-02,-6.862376e-02,7.670000e-01
1.835072e-02,-6.878669e-02,7.680000e-01
1.841621e-02,-6.894979e-02,7.690000e-01
1.848183e-02,-6.911307e-02,7.700000e-01
1.848183e-02,-7.055228e-02,7.700000e-01
1.854758e-02,-7.071760e-02,7.710000e-01
1.861345e-02,-7.088309e-02,7.720000e-01
1.867946e-02,-7.104876e-02,7.730000e-01
1.874560e-02,-7.121460e-02,7.740000e-01
1.881186e-02,-7.138062e-02,7.750000e-01
1.887826e-02,-7.154681e-02,7.760000e-01
1.894478e-02,-7.171317e-02,7.770000e-01
1.901143e-02,-7.187971e-02,7.780000e-01
1.907822e-02,-7.204642e-02,7.790000e-01
1.914513e-02,-7.221330e-02,7.800000e-01
1.914513e-02,-7.377947e-02,7.800000e-01
1.921217e-02,-7.394846e-02,7.810000e-01
1.927934e-02,-7.411762e-02,7.820000e-01
1.934664e-02,-7.428696e-02,7.830000e-01
1.941407e-02,-7.445646e-02,7.840000e-01
1.948162e-02,-7.462614e-02,7.850000e-01
1.954930e-02,-7.479599e-02,7.860000e-01
1.961712e-02,-7.496601e-02,7.870000e-01
1.968506e-02,-7.513620e-02,7.880000e-01
1.975313e-02,-7.530657e-02,7.890000e-01
1.982132e-02,-7.547710e-02,7.900000e-01
1.982132e-02,-7.718703e-02,7.900000e-01
1.988965e-02,-7.735973e-02,7.910000e-01
1.995810e-02,-7.753261e-02,7.920000e-01
2.002668e-02,-7.770566e-02,7.930000e-01
2.009539e-02,-7.787888e-02,7.940000e-01
2.016422e-02,-7.805226e-02,7.950000e-01
2.023318e-02,-7.822582e-02,7.960000e-01
2.030227e-02,-7.839955e-02,7.970000e-01
2.037149e-02,-7.857344e-02,7.980000e-01
2.044083e-02,-7.874750e-02,7.990000e-01
2.051030e-02,-7.892174e-02,8.000000e-01
2.051030e-02,-8.079533e-02,8.000000e-01
2.057990e-02,-8.097180e-02,8.010000e-01
2.064963e-02,-8.114844e-02,8.020000e-01
2.071948e-02,-8.132525e-02,8.030000e-01
2.078945e-02,-8.150223e-02,8.040000e-01
2.085955e-02,-8.167937e-02,8.050000e-01
2.092978e-02,-8.185668e-02,8.060000e-01
2.100013e-02,-8.203416e-02,8.070000e-01
2.107062e-02,-8.221180e-02,8.080000e-01
2.114122e-02,-8.238961e-02,8.090000e-01
2.121195e-02,-8.256759e-02,8.100000e-01
2.121195e-02,-8.462866e-02,8.100000e-01
2.128281e-02,-8.480894e-02,8.110000e-01
2.135379e-02,-8.498939e-02,8.120000e-01
2.142490e-02,-8.517001e-02,8.130000e-01
2.149613e-02,-8.535078e-02,8.140000e-01
2.156749e-02,-8.553173e-02,8.150000e-01
2.163897e-02,-8.571283e-02,8.160000e-01
2.171057e-02,-8.589410e-02,8.170000e-01
2.178230e-02,-8.607554e-02,8.180000e-01
2.185415e-02,-8.625714e-02,8.190000e-01
2.192613e-02,-8.643890e-02,8.200000e-01
2.192613e-02,-8.871615e-02,8.200000e-01
2.199824e-02,-8.890028e-02,8.210000e-01
2.207046e-02,-8.908458e-02,8.220000e-01
2.214281e-02,-8.926904e-02,8.230000e-01
2.221528e-02,-8.945365e-02,8.240000e-01
2.228787e-02,-8.963843e-02,8.250000e-01
2.236059e-02,-8.982337e-02,8.260000e-01
2.243342e-02,-9.000847e-02,8.270000e-01
2.250638e-02,-9.019373e-02,8.280000e-01
2.257947e-02,-9.037916e-02,8.290000e-01
2.265268e-02,-9.056474e-02,8.300000e-01
2.265268e-02,-9.309318e-02,8.300000e-01
2.272600e-02,-9.328119e-02,8.310000e-01
2.279945e-02,-9.346935e-02,8.320000e-01
2.287302e-02,-9.365768e-02,8.330000e-01
2.294671e-02,-9.384616e-02,8.340000e-01
2.302052e-02,-9.403480e-02,8.350000e-01
2.309445e-02,-9.422360e-02,8.360000e-01
2.316851e-02,-9.441256e-02,8.370000e-01
2.324268e-02,-9.460167e-02,8.380000e-01
2.331697e-02,-9.479095e-02,8.390000e-01
2.339139e-02,-9.498037e-02,8.400000e-01
2.339139e-02,-9.780312e-02,8.400000e-01
2.346592e-02,-9.799501e-02,8.410000e-01
2.354057e-02,-9.818706e-02,8.420000e-01
2.361534e-02,-9.837927e-02,8.430000e-01
2.369023e-02,-9.857163e-02,8.440000e-01
2.376524e-02,-9.876415e-02,8.450000e-01
2.384036e-02,-9.895681e-02,8.460000e-01
2.391560e-02,-9.914964e-02,8.470000e-01
2.399096e-02,-9.934261e-02,8.480000e-01
2.406644e-02,-9.953574e-02,8.490000e-01
2.414204e-02,-9.972903e-02,8.500000e-01
2.414204e-02,-1.028999e-01,8.500000e-01
2.421776e-02,-1.030957e-01,8.510000e-01
2.429359e-02,-1.032916e-01,8.520000e-01
2.436953e-02,-1.034877e-01,8.530000e-01
2.444559e-02,-1.036839e-01,8.540000e-01
2.452177e-02,-1.038803e-01,8.550000e-01
2.459806e-02,-1.040768e-01,8.560000e-01
2.467446e-02,-1.042735e-01,8.570000e-01
2.475099e-02,-1.044703e-01,8.580000e-01
2.482762e-02,-1.046673e-01,8.590000e-01
2.490438e-02,-1.048644e-01,8.600000e-01
2.490438e-02,-1.084516e-01,8.600000e-01
2.498124e-02,-1.086512e-01,8.610000e-01
2.505822e-02,-1.088509e-01,8.620000e-01
2.513531e-02,-1.090508e-01,8.630000e-01
2.521252e-02,-1.092508e-01,8.640000e-01
2.528983e-02,-1.094510e-01,8.650000e-01
2.536726e-02,-1.096513e-01,8.660000e-01
2.544480e-02,-1.098518e-01,8.670000e-01
2.552245e-02,-1.100524e-01,8.680000e-01
2.560021e-02,-1.102532e-01,8.690000e-01
2.567809e-02,-1.104541e-01,8.700000e-01
2.567809e-02,-1.145455e-01,8.700000e-01
2.575608e-02,-1.147488e-01,8.710000e-01
2.583417e-02,-1.149523e-01,8.720000e-01
2.591237e-02,-1.151559e-01,8.730000e-01
2.599069e-02,-1.153596e-01,8.740000e-01
2.606910e-02,-1.155635e-01,8.750000e-01
2.614763e-02,-1.157675e-01,8.760000e-01
2.622627e-02,-1.159717e-01,8.770000e-01
2.630501e-02,-1.161759e-01,8.780000e-01
2.638386e-02,-1.163804e-01,8.790000e-01
2.646283e-02,-1.165850e-01,8.800000e-01
2.646283e-02,-1.212958e-01,8.800000e-01
2.654189e-02,-1.215026e-01,8.810000e-01
2.662106e-02,-1.217096e-01,8.820000e-01
2.670034e-02,-1.219167e-01,8.830000e-01
2.677972e-02,-1.221239e-01,8.840000e-01
2.685920e-02,-1.223313e-01,8.850000e-01
2.693878e-02,-1.225388e-01,8.860000e-01
2.701847e-02,-1.227464e-01,8.870000e-01
2.709827e-02,-1.229542e-01,8.880000e-01
2.717817e-02,-1.231621e-01,8.890000e-01
2.725817e-02,-1.233701e-01,8.900000e-01
2.725817e-02,-1.288553e-01,8.900000e-01
2.733827e-02,-1.290653e-01,8.910000e-01
2.741847e-02,-1.292755e-01,8.920000e-01
2.749877e-02,-1.294857e-01,8.930000e-01
2.757917e-02,-1.296961e-01,8.940000e-01
2.765966e-02,-1.299066e-01,8.950000e-01
2.774026e-02,-1.301172e-01,8.960000e-01
2.782095e-02,-1.303280e-01,8.970000e-01
2.790174e-02,-1.305389e-01,8.980000e-01
2.798263e-02,-1.307499e-01,8.990000e-01
2.806362e-02,-1.309611e-01,9.000000e-01
2.806362e-02,-1.374346e-01,9.000000e-01
2.814471e-02,-1.376472e-01,9.010000e-01
2.822588e-02,-1.378599e-01,9.020000e-01
2.830715e-02,-1.380727e-01,9.030000e-01
2.838851e-02,-1.382856e-01,9.040000e-01
2.846997e-02,-1.384987e-01,9.050000e-01
2.855151e-02,-1.387119e-01,9.060000e-01
2.863315e-02,-1.389252e-01,9.070000e-01
2.871488e-02,-1.391387e-01,9.080000e-01
2.879670e-02,-1.393522e-01,9.090000e-01
2.887862e-02,-1.395659e-01,9.100000e-01
2.887862e-02,-1.473324e-01,9.100000e-01
2.896062e-02,-1.475466e-01,9.110000e-01
2.904270e-02,-1.477609e-01,9.120000e-01
2.912488e-02,-1.479754e-01,9.130000e-01
2.920713e-02,-1.481899e-01,9.140000e-01
2.928947e-02,-1.484046e-01,9.150000e-01
2.937190e-02,-1.486194e-01,9.160000e-01
2.945441e-02,-1.488343e-01,9.170000e-01
2.953700e-02,-1.490493e-01,9.180000e-01
2.961968e-02,-1.492644e-01,9.190000e-01
2.970244e-02,-1.494797e-01,9.200000e-01
2.970244e-02,-1.589917e-01,9.200000e-01
2.978529e-02,-1.592059e-01,9.210000e-01
2.986820e-02,-1.594202e-01,9.220000e-01
2.995120e-02,-1.596346e-01,9.230000e-01
3.003427e-02,-1.598491e-01,9.240000e-01
3.011741e-02,-1.600637e-01,9.250000e-01
3.020063e-02,-1.602784e-01,9.260000e-01
3.028392e-02,-1.604932e-01,9.270000e-01
3.036729e-02,-1.607082e-01,9.280000e-01
3.045074e-02,-1.609232e-01,9.290000e-01
3.053425e-02,-1.611384e-01,9.300000e-01
3.053425e-02,-1.731027e-01,9.300000e-01
3.061784e-02,-1.733140e-01,9.310000e-01
3.070149e-02,-1.735253e-01,9.320000e-01
3.078521e-02,-1.737368e-01,9.330000e-01
3.086899e-02,-1.739483e-01,9.340000e-01
3.095283e-02,-1.741600e-01,9.350000e-01
3.103673e-02,-1.743717e-01,9.360000e-01
3.112070e-02,-1.745836e-01,9.370000e-01
3.120473e-02,-1.747955e-01,9.380000e-01
3.128883e-02,-1.750076e-01,9.390000e-01
3.137299e-02,-1.752198e-01,9.400000e-01
3.137299e-02,-1.908158e-01,9.400000e-01
3.145720e-02,-1.910188e-01,9.410000e-01
3.154146e-02,-1.912218e-01,9.420000e-01
3.162577e-02,-1.914249e-01,9.430000e-01
3.171013e-02,-1.916281e-01,9.440000e-01
3.179453e-02,-1.918315e-01,9.450000e-01
3.187898e-02,-1.920349e-01,9.460000e-01
3.196348e-02,-1.922385e-01,9.470000e-01
3.204803e-02,-1.924421e-01,9.480000e-01
3.213263e-02,-1.926459e-01,9.490000e-01
3.221727e-02,-1.928497e-01,9.500000e-01
3.221727e-02,-2.142329e-01,9.500000e-01
3.230195e-02,-2.144167e-01,9.510000e-01
3.238666e-02,-2.146006e-01,9.520000e-01
3.247140e-02,-2.147846e-01,9.530000e-01
3.255616e-02,-2.149687e-01,9.540000e-01
3.264095e-02,-2.151529e-01,9.550000e-01
3.272576e-02,-2.153372e-01,9.560000e-01
3.281060e-02,-2.155217e-01,9.570000e-01
3.289547e-02,-2.157063e-01,9.580000e-01
3.298037e-02,-2.158910e-01,9.590000e-01
3.306529e-02,-2.160758e-01,9.600000e-01
3.306529e-02,-2.477434e-01,9.600000e-01
3.315022e-02,-2.478830e-01,9.610000e-01
3.323515e-02,-2.480229e-01,9.620000e-01
3.332007e-02,-2.481629e-01,9.630000e-01
3.340499e-02,-2.483031e-01,9.640000e-01
3.348991e-02,-2.484434e-01,9.650000e-01
3.357482e-02,-2.485840e-01,9.660000e-01
3.365973e-02,-2.487247e-01,9.670000e-01
3.374463e-02,-2.488656e-01,9.680000e-01
3.382953e-02,-2.490066e-01,9.690000e-01
3.391442e-02,-2.491479e-01,9.700000e-01
3.391442e-02,-3.027244e-01,9.700000e-01
3.399929e-02,-3.027481e-01,9.710000e-01
3.408409e-02,-3.027722e-01,9.720000e-01
3.416884e-02,-3.027968e-01,9.730000e-01
3.425354e-02,-3.028217e-01,9.740000e-01
3.433817e-02,-3.028471e-01,9.750000e-01
3.442275e-02,-3.028729e-01,9.760000e-01
3.450727e-02,-3.028991e-01,9.770000e-01
3.459174e-02,-3.029257e-01,9.780000e-01
3.467615e-02,-3.029527e-01,9.790000e-01
3.476051e-02,-3.029801e-01,9.800000e-01
3.476051e-02,-4.245307e-01,9.800000e-01
3.484475e-02,-4.241010e-01,9.810000e-01
3.492881e-02,-4.236732e-01,9.820000e-01
3.501270e-02,-4.232474e-01,9.830000e-01
3.509641e-02,-4.228236e-01,9.840000e-01
3.517995e-02,-4.224017e-01,9.850000e-01
3.526331e-02,-4.219817e-01,9.860000e-01
3.534650e-02,-4.215637e-01,9.870000e-01
3.542952e-02,-4.211477e-01,9.880000e-01
3.551237e-02,-4.207335e-01,9.890000e-01
3.559504e-02,-4.203213e-01,9.900000e-01
3.559504e-02,0.000000e+00,9.900000e-01
3.567775e-02,0.000000e+00,9.910000e-01
3.576072e-02,0.000000e+00,9.920000e-01
3.584393e-02,0.000000e+00,9.930000e-01
3.592740e-02,0.000000e+00,9.940000e-01
3.601111e-02,0.000000e+00,9.950000e-01
3.609508e-02,0.000000e+00,9.960000e-01
3.617929e-02,0.000000e+00,9.970000e-01
3.626376e-02,0.000000e+00,9.980000e-01
3.634848e-02,0.000000e+00,9.990000e-01
3.643345e-02,0.000000e+00,1.000000e+00
