x,u,t
0.000000e+00,0.000000e+00,0.000000e+00
5.860783e-06,1.554070e-04,5.000000e-02
4.661818e-05,6.156625e-04,1.000000e-01
1.569235e-04,1.369471e-03,1.500000e-01
3.707050e-04,2.402782e-03,2.000000e-01
7.208034e-04,3.698980e-03,2.500000e-01
1.238961e-03,5.238919e-03,3.000000e-01
1.955867e-03,7.001277e-03,3.500000e-01
2.901142e-03,8.962486e-03,4.000000e-01
4.102736e-03,1.109739e-02,4.500000e-01
5.586858e-03,1.337935e-02,5.000000e-01
7.377920e-03,1.578050e-02,5.500000e-01
9.498803e-03,1.827167e-02,6.000000e-01
1.197074e-02,2.082243e-02,6.500000e-01
1.481273e-02,2.340225e-02,7.000000e-01
1.804157e-02,2.598048e-02,7.500000e-01
2.167181e-02,2.852636e-02,8.000000e-01
2.571572e-02,3.100991e-02,8.500000e-01
3.018394e-02,3.340035e-02,9.000000e-01
3.508513e-02,3.566675e-02,9.500000e-01
4.042559e-02,3.777971e-02,1.000000e+00
4.620926e-02,3.971140e-02,1.050000e+00
5.243772e-02,4.143551e-02,1.100000e+00
5.911020e-02,4.292730e-02,1.150000e+00
6.622362e-02,4.416368e-02,1.200000e+00
7.377362e-02,4.512426e-02,1.250000e+00
8.175367e-02,4.578766e-02,1.300000e+00
9.015515e-02,4.613416e-02,1.350000e+00
9.896780e-02,4.614682e-02,1.400000e+00
1.081797e-01,4.581150e-02,1.450000e+00
1.177771e-01,4.511687e-02,1.500000e+00
1.277449e-01,4.405436e-02,1.550000e+00
1.380660e-01,4.261822e-02,1.600000e+00
1.487217e-01,4.080547e-02,1.650000e+00
1.596928e-01,3.861565e-02,1.700000e+00
1.709607e-01,3.604873e-02,1.750000e+00
1.825028e-01,3.310662e-02,1.800000e+00
1.942956e-01,2.979368e-02,1.850000e+00
2.063155e-01,2.611668e-02,1.900000e+00
2.185390e-01,2.208486e-02,1.950000e+00
2.309420e-01,1.770986e-02,2.000000e+00
2.435008e-01,1.300574e-02,2.050000e+00
2.561912e-01,7.989001e-03,2.100000e+00
2.689888e-01,2.678577e-03,2.150000e+00
2.818694e-01,-2.904185e-03,2.200000e+00
2.948088e-01,-8.736083e-03,2.250000e+00
3.077883e-01,-1.479966e-02,2.300000e+00
3.207823e-01,-2.107101e-02,2.350000e+00
3.337642e-01,-2.752322e-02,2.400000e+00
3.467087e-01,-3.412925e-02,2.450000e+00
3.595919e-01,-4.086189e-02,2.500000e+00
3.723915e-01,-4.769379e-02,2.550000e+00
3.850865e-01,-5.459742e-02,2.600000e+00
3.976575e-01,-6.154512e-02,2.650000e+00
4.100864e-01,-6.850904e-02,2.700000e+00
4.223566e-01,-7.546121e-02,2.750000e+00
4.344530e-01,-8.237349e-02,2.800000e+00
4.463618e-01,-8.921758e-02,2.850000e+00
4.580707e-01,-9.596501e-02,2.900000e+00
4.695690e-01,-1.025883e-01,2.950000e+00
4.808449e-01,-1.090715e-01,3.000000e+00
4.918851e-01,-1.153886e-01,3.050000e+00
5.026775e-01,-1.215114e-01,3.100000e+00
5.132116e-01,-1.274138e-01,3.150000e+00
5.234785e-01,-1.330722e-01,3.200000e+00
5.334705e-01,-1.384652e-01,3.250000e+00
5.431816e-01,-1.435736e-01,3.300000e+00
5.526074e-01,-1.483805e-01,3.350000e+00
5.617449e-01,-1.528716e-01,3.400000e+00
5.705927e-01,-1.570344e-01,3.450000e+00
5.791507e-01,-1.608589e-01,3.500000e+00
5.874206e-01,-1.643376e-01,3.550000e+00
5.954054e-01,-1.674650e-01,3.600000e+00
6.031097e-01,-1.702379e-01,3.650000e+00
6.105318e-01,-1.726520e-01,3.700000e+00
6.176711e-01,-1.747015e-01,3.750000e+00
6.245310e-01,-1.763827e-01,3.800000e+00
6.311151e-01,-1.776943e-01,3.850000e+00
6.374272e-01,-1.786366e-01,3.900000e+00
6.434716e-01,-1.792121e-01,3.950000e+00
6.492526e-01,-1.794253e-01,4.000000e+00
6.547751e-01,-1.792827e-01,4.050000e+00
6.600439e-01,-1.787929e-01,4.100000e+00
6.650643e-01,-1.779663e-01,4.150000e+00
6.698418e-01,-1.768156e-01,4.200000e+00
6.743823e-01,-1.753551e-01,4.250000e+00
6.786918e-01,-1.736016e-01,4.300000e+00
6.827758e-01,-1.715717e-01,4.350000e+00
6.866358e-01,-1.692737e-01,4.400000e+00
6.902772e-01,-1.667230e-01,4.450000e+00
6.937055e-01,-1.639367e-01,4.500000e+00
6.969256e-01,-1.609319e-01,4.550000e+00
6.999419e-01,-1.577259e-01,4.600000e+00
7.027582e-01,-1.543361e-01,4.650000e+00
7.053777e-01,-1.507799e-01,4.700000e+00
7.078031e-01,-1.470751e-01,4.750000e+00
7.100364e-01,-1.432394e-01,4.800000e+00
7.120792e-01,-1.392905e-01,4.850000e+00
7.139325e-01,-1.352466e-01,4.900000e+00
7.155966e-01,-1.311255e-01,4.950000e+00
7.170713e-01,-1.269457e-01,5.000000e+00
7.183565e-01,-1.227233e-01,5.050000e+00
7.194530e-01,-1.184716e-01,5.100000e+00
7.203603e-01,-1.142069e-01,5.150000e+00
7.210776e-01,-1.099451e-01,5.200000e+00
7.216035e-01,-1.057006e-01,5.250000e+00
7.219366e-01,-1.014868e-01,5.300000e+00
7.220749e-01,-9.731601e-02,5.350000e+00
7.220161e-01,-9.319933e-02,5.400000e+00
7.217574e-01,-8.914674e-02,5.450000e+00
7.212960e-01,-8.516708e-02,5.500000e+00
7.206285e-01,-8.126803e-02,5.550000e+00
7.197511e-01,-7.745618e-02,5.600000e+00
7.186614e-01,-7.373793e-02,5.650000e+00
7.173566e-01,-7.011959e-02,5.700000e+00
7.158327e-01,-6.660605e-02,5.750000e+00
7.140861e-01,-6.320120e-02,5.800000e+00
7.121134e-01,-5.990787e-02,5.850000e+00
7.099114e-01,-5.672787e-02,5.900000e+00
7.074771e-01,-5.366199e-02,5.950000e+00
7.048079e-01,-5.070995e-02,6.000000e+00
7.019013e-01,-4.787046e-02,6.050000e+00
6.987549e-01,-4.514119e-02,6.100000e+00
6.953668e-01,-4.251878e-02,6.150000e+00
6.917355e-01,-3.999923e-02,6.200000e+00
6.878622e-01,-3.758122e-02,6.250000e+00
6.837450e-01,-3.526015e-02,6.300000e+00
6.793818e-01,-3.303018e-02,6.350000e+00
6.747713e-01,-3.088539e-02,6.400000e+00
6.699128e-01,-2.881971e-02,6.450000e+00
6.648063e-01,-2.682695e-02,6.500000e+00
6.594526e-01,-2.490079e-02,6.550000e+00
6.538531e-01,-2.303481e-02,6.600000e+00
6.480102e-01,-2.122242e-02,6.650000e+00
6.419267e-01,-1.945695e-02,6.700000e+00
6.356062e-01,-1.773157e-02,6.750000e+00
6.290530e-01,-1.603933e-02,6.800000e+00
6.222724e-01,-1.437318e-02,6.850000e+00
6.152699e-01,-1.272592e-02,6.900000e+00
6.080522e-01,-1.109023e-02,6.950000e+00
6.006255e-01,-9.461642e-03,7.000000e+00
5.929945e-01,-7.838928e-03,7.050000e+00
5.851652e-01,-6.214602e-03,7.100000e+00
5.771442e-01,-4.581765e-03,7.150000e+00
5.689386e-01,-2.934355e-03,7.200000e+00
5.605558e-01,-1.267151e-03,7.250000e+00
5.520036e-01,4.242280e-04,7.300000e+00
5.432904e-01,2.143323e-03,7.350000e+00
5.344247e-01,3.892836e-03,7.400000e+00
5.254159e-01,5.674628e-03,7.450000e+00
5.162733e-01,7.489720e-03,7.500000e+00
5.070071e-01,9.338294e-03,7.550000e+00
4.976276e-01,1.121969e-02,7.600000e+00
4.881456e-01,1.313242e-02,7.650000e+00
4.785724e-01,1.507413e-02,7.700000e+00
4.689186e-01,1.704212e-02,7.750000e+00
4.591906e-01,1.903593e-02,7.800000e+00
4.493990e-01,2.105449e-02,7.850000e+00
4.395546e-01,2.309609e-02,7.900000e+00
4.296680e-01,2.515850e-02,7.950000e+00
4.197494e-01,2.723897e-02,8.000000e+00
4.098087e-01,2.933424e-02,8.050000e+00
3.998558e-01,3.144052e-02,8.100000e+00
3.898999e-01,3.355351e-02,8.150000e+00
3.799503e-01,3.566839e-02,8.200000e+00
3.700158e-01,3.777984e-02,8.250000e+00
3.601049e-01,3.988199e-02,8.300000e+00
3.502260e-01,4.196848e-02,8.350000e+00
3.403870e-01,4.403242e-02,8.400000e+00
3.305957e-01,4.606642e-02,8.450000e+00
3.208596e-01,4.806255e-02,8.500000e+00
3.111843e-01,5.001515e-02,8.550000e+00
3.015731e-01,5.192456e-02,8.600000e+00
2.920336e-01,5.378421e-02,8.650000e+00
2.825734e-01,5.558738e-02,8.700000e+00
2.731994e-01,5.732770e-02,8.750000e+00
2.639179e-01,5.899925e-02,8.800000e+00
2.547345e-01,6.059646e-02,8.850000e+00
2.456542e-01,6.211419e-02,8.900000e+00
2.366816e-01,6.354768e-02,8.950000e+00
2.278205e-01,6.489258e-02,9.000000e+00
2.190740e-01,6.614493e-02,9.050000e+00
2.104450e-01,6.730115e-02,9.100000e+00
2.019352e-01,6.835810e-02,9.150000e+00
1.935463e-01,6.931299e-02,9.200000e+00
1.852789e-01,7.016347e-02,9.250000e+00
1.771333e-01,7.090754e-02,9.300000e+00
1.691090e-01,7.154364e-02,9.350000e+00
1.612051e-01,7.207059e-02,9.400000e+00
1.534199e-01,7.248761e-02,9.450000e+00
1.457513e-01,7.279447e-02,9.500000e+00
1.382023e-01,7.299504e-02,9.550000e+00
1.307741e-01,7.309055e-02,9.600000e+00
1.234659e-01,7.308084e-02,9.650000e+00
1.162768e-01,7.296626e-02,9.700000e+00
1.092057e-01,7.274769e-02,9.750000e+00
1.022515e-01,7.242651e-02,9.800000e+00
9.541276e-02,7.200461e-02,9.850000e+00
8.868814e-02,7.148442e-02,9.900000e+00
8.207605e-02,7.086886e-02,9.950000e+00
7.557478e-02,7.016137e-02,1.000000e+01
6.918253e-02,6.936592e-02,1.005000e+01
6.289735e-02,6.848697e-02,1.010000e+01
5.671716e-02,6.752950e-02,1.015000e+01
5.063978e-02,6.649903e-02,1.020000e+01
4.466286e-02,6.540157e-02,1.025000e+01
3.878397e-02,6.424364e-02,1.030000e+01
3.300051e-02,6.303229e-02,1.035000e+01
2.730980e-02,6.177508e-02,1.040000e+01
2.170934e-02,6.047936e-02,1.045000e+01
1.620043e-02,5.914476e-02,1.050000e+01
1.078187e-02,5.777559e-02,1.055000e+01
5.451537e-03,5.637816e-02,1.060000e+01
2.074879e-04,5.495852e-02,1.065000e+01
-4.952052e-03,5.352250e-02,1.070000e+01
-1.002868e-02,5.207567e-02,1.075000e+01
-1.502380e-02,5.062338e-02,1.080000e+01
-1.993866e-02,4.917071e-02,1.085000e+01
-2.477432e-02,4.772254e-02,1.090000e+01
-2.953166e-02,4.628347e-02,1.095000e+01
-3.421139e-02,4.485789e-02,1.100000e+01
-3.881403e-02,4.344992e-02,1.105000e+01
-4.333994e-02,4.206346e-02,1.110000e+01
-4.778928e-02,4.070217e-02,1.115000e+01
-5.216206e-02,3.936946e-02,1.120000e+01
-5.645810e-02,3.806850e-02,1.125000e+01
-6.067702e-02,3.680222e-02,1.130000e+01
-6.481851e-02,3.557313e-02,1.135000e+01
-6.888424e-02,3.438186e-02,1.140000e+01
-7.287447e-02,3.323079e-02,1.145000e+01
-7.678887e-02,3.212254e-02,1.150000e+01
-8.062714e-02,3.105935e-02,1.155000e+01
-8.438901e-02,3.004306e-02,1.160000e+01
-8.807423e-02,2.907514e-02,1.165000e+01
-9.168259e-02,2.815664e-02,1.170000e+01
-9.521389e-02,2.728825e-02,1.175000e+01
-9.866799e-02,2.647025e-02,1.180000e+01
-1.020448e-01,2.570253e-02,1.185000e+01
-1.053441e-01,2.498460e-02,1.190000e+01
-1.085659e-01,2.431558e-02,1.195000e+01
-1.117102e-01,2.369419e-02,1.200000e+01
-1.147769e-01,2.311876e-02,1.205000e+01
-1.177661e-01,2.258725e-02,1.210000e+01
-1.206777e-01,2.209720e-02,1.215000e+01
-1.235120e-01,2.164579e-02,1.220000e+01
-1.262689e-01,2.122977e-02,1.225000e+01
-1.289493e-01,2.084864e-02,1.230000e+01
-1.315542e-01,2.050327e-02,1.235000e+01
-1.340837e-01,2.019107e-02,1.240000e+01
-1.365380e-01,1.990952e-02,1.245000e+01
-1.389176e-01,1.965614e-02,1.250000e+01
-1.412230e-01,1.942852e-02,1.255000e+01
-1.434550e-01,1.922434e-02,1.260000e+01
-1.456145e-01,1.904130e-02,1.265000e+01
-1.477025e-01,1.887721e-02,1.270000e+01
-1.497204e-01,1.872991e-02,1.275000e+01
-1.516694e-01,1.859732e-02,1.280000e+01
-1.535511e-01,1.847742e-02,1.285000e+01
-1.553674e-01,1.836827e-02,1.290000e+01
-1.571199e-01,1.826798e-02,1.295000e+01
-1.588106e-01,1.817511e-02,1.300000e+01
-1.604405e-01,1.808843e-02,1.305000e+01
-1.620113e-01,1.800564e-02,1.310000e+01
-1.635244e-01,1.792464e-02,1.315000e+01
-1.649814e-01,1.784354e-02,1.320000e+01
-1.663842e-01,1.776073e-02,1.325000e+01
-1.677344e-01,1.767483e-02,1.330000e+01
-1.690340e-01,1.758468e-02,1.335000e+01
-1.702848e-01,1.748940e-02,1.340000e+01
-1.714889e-01,1.738833e-02,1.345000e+01
-1.726483e-01,1.728105e-02,1.350000e+01
-1.737650e-01,1.716739e-02,1.355000e+01
-1.748415e-01,1.704742e-02,1.360000e+01
-1.758798e-01,1.692145e-02,1.365000e+01
-1.768821e-01,1.678986e-02,1.370000e+01
-1.778497e-01,1.665229e-02,1.375000e+01
-1.787844e-01,1.650855e-02,1.380000e+01
-1.796879e-01,1.635866e-02,1.385000e+01
-1.805620e-01,1.620279e-02,1.390000e+01
-1.814084e-01,1.604123e-02,1.395000e+01
-1.822285e-01,1.587442e-02,1.400000e+01
-1.830240e-01,1.570294e-02,1.405000e+01
-1.837963e-01,1.552752e-02,1.410000e+01
-1.845468e-01,1.534901e-02,1.415000e+01
-1.852768e-01,1.516842e-02,1.420000e+01
-1.859875e-01,1.498688e-02,1.425000e+01
-1.866802e-01,1.480568e-02,1.430000e+01
-1.873559e-01,1.462624e-02,1.435000e+01
-1.880156e-01,1.444980e-02,1.440000e+01
-1.886598e-01,1.427668e-02,1.445000e+01
-1.892894e-01,1.410784e-02,1.450000e+01
-1.899049e-01,1.394427e-02,1.455000e+01
-1.905067e-01,1.378689e-02,1.460000e+01
-1.910953e-01,1.363661e-02,1.465000e+01
-1.916709e-01,1.349428e-02,1.470000e+01
-1.922338e-01,1.336070e-02,1.475000e+01
-1.927840e-01,1.323665e-02,1.480000e+01
-1.933215e-01,1.312284e-02,1.485000e+01
-1.938463e-01,1.301997e-02,1.490000e+01
-1.943581e-01,1.292868e-02,1.495000e+01
-1.948566e-01,1.284956e-02,1.500000e+01
-1.953415e-01,1.278317e-02,1.505000e+01
-1.958121e-01,1.272998e-02,1.510000e+01
-1.962683e-01,1.269012e-02,1.515000e+01
-1.967092e-01,1.266369e-02,1.520000e+01
-1.971342e-01,1.265075e-02,1.525000e+01
-1.975423e-01,1.265127e-02,1.530000e+01
-1.979327e-01,1.266512e-02,1.535000e+01
-1.983046e-01,1.269209e-02,1.540000e+01
-1.986571e-01,1.273187e-02,1.545000e+01
-1.989893e-01,1.278405e-02,1.550000e+01
-1.993002e-01,1.284815e-02,1.555000e+01
-1.995890e-01,1.292358e-02,1.560000e+01
-1.998546e-01,1.300966e-02,1.565000e+01
-2.000962e-01,1.310563e-02,1.570000e+01
-2.003126e-01,1.321072e-02,1.575000e+01
-2.005032e-01,1.332432e-02,1.580000e+01
-2.006666e-01,1.344535e-02,1.585000e+01
-2.008017e-01,1.357265e-02,1.590000e+01
-2.009073e-01,1.370507e-02,1.595000e+01
-2.009824e-01,1.384145e-02,1.600000e+01
-2.010260e-01,1.398063e-02,1.605000e+01
-2.010371e-01,1.412143e-02,1.610000e+01
-2.010149e-01,1.426268e-02,1.615000e+01
-2.009587e-01,1.440319e-02,1.620000e+01
-2.008676e-01,1.454177e-02,1.625000e+01
-2.007410e-01,1.467723e-02,1.630000e+01
-2.005783e-01,1.480836e-02,1.635000e+01
-2.003789e-01,1.493403e-02,1.640000e+01
-2.001420e-01,1.505311e-02,1.645000e+01
-1.998670e-01,1.516423e-02,1.650000e+01
-1.995532e-01,1.526610e-02,1.655000e+01
-1.992002e-01,1.535753e-02,1.660000e+01
-1.988074e-01,1.543740e-02,1.665000e+01
-1.983747e-01,1.550469e-02,1.670000e+01
-1.979016e-01,1.555844e-02,1.675000e+01
-1.973881e-01,1.559782e-02,1.680000e+01
-1.968341e-01,1.562205e-02,1.685000e+01
-1.962394e-01,1.563046e-02,1.690000e+01
-1.956042e-01,1.562242e-02,1.695000e+01
-1.949282e-01,1.559715e-02,1.700000e+01
-1.942115e-01,1.555394e-02,1.705000e+01
-1.934542e-01,1.549220e-02,1.710000e+01
-1.926565e-01,1.541143e-02,1.715000e+01
-1.918185e-01,1.531129e-02,1.720000e+01
-1.909406e-01,1.519152e-02,1.725000e+01
-1.900230e-01,1.505199e-02,1.730000e+01
-1.890661e-01,1.489270e-02,1.735000e+01
-1.880704e-01,1.471375e-02,1.740000e+01
-1.870363e-01,1.451538e-02,1.745000e+01
-1.859643e-01,1.429789e-02,1.750000e+01
-1.848548e-01,1.406134e-02,1.755000e+01
-1.837083e-01,1.380585e-02,1.760000e+01
-1.825254e-01,1.353164e-02,1.765000e+01
-1.813066e-01,1.323904e-02,1.770000e+01
-1.800524e-01,1.292845e-02,1.775000e+01
-1.787635e-01,1.260038e-02,1.780000e+01
-1.774405e-01,1.225544e-02,1.785000e+01
-1.760840e-01,1.189432e-02,1.790000e+01
-1.746946e-01,1.151780e-02,1.795000e+01
-1.732731e-01,1.112678e-02,1.800000e+01
-1.718201e-01,1.072223e-02,1.805000e+01
-1.703364e-01,1.030523e-02,1.810000e+01
-1.688228e-01,9.876937e-03,1.815000e+01
-1.672796e-01,9.438030e-03,1.820000e+01
-1.657075e-01,8.989241e-03,1.825000e+01
-1.641070e-01,8.531503e-03,1.830000e+01
-1.624790e-01,8.065746e-03,1.835000e+01
-1.608241e-01,7.592893e-03,1.840000e+01
-1.591429e-01,7.113868e-03,1.845000e+01
-1.574359e-01,6.629589e-03,1.850000e+01
-1.557039e-01,6.140970e-03,1.855000e+01
-1.539475e-01,5.648922e-03,1.860000e+01
-1.521672e-01,5.154354e-03,1.865000e+01
-1.503635e-01,4.658168e-03,1.870000e+01
-1.485371e-01,4.161266e-03,1.875000e+01
-1.466885e-01,3.664544e-03,1.880000e+01
-1.448182e-01,3.168895e-03,1.885000e+01
-1.429266e-01,2.675210e-03,1.890000e+01
-1.410145e-01,2.184373e-03,1.895000e+01
-1.390821e-01,1.697157e-03,1.900000e+01
-1.371299e-01,1.213466e-03,1.905000e+01
-1.351585e-01,7.339165e-04,1.910000e+01
-1.331683e-01,2.592917e-04,1.915000e+01
-1.311598e-01,-2.096908e-04,1.920000e+01
-1.291336e-01,-6.723771e-04,1.925000e+01
-1.270902e-01,-1.128178e-03,1.930000e+01
-1.250300e-01,-1.576567e-03,1.935000e+01
-1.229537e-01,-2.017085e-03,1.940000e+01
-1.208616e-01,-2.449333e-03,1.945000e+01
-1.187543e-01,-2.872979e-03,1.950000e+01
-1.166324e-01,-3.287754e-03,1.955000e+01
-1.144962e-01,-3.693454e-03,1.960000e+01
-1.123463e-01,-4.089940e-03,1.965000e+01
-1.101833e-01,-4.477134e-03,1.970000e+01
-1.080075e-01,-4.855025e-03,1.975000e+01
-1.058196e-01,-5.223665e-03,1.980000e+01
-1.036200e-01,-5.583172e-03,1.985000e+01
-1.014091e-01,-5.933726e-03,1.990000e+01
-9.918761e-02,-6.275571e-03,1.995000e+01
-9.695588e-02,-6.609018e-03,2.000000e+01
-9.471445e-02,-6.934439e-03,2.005000e+01
-9.246380e-02,-7.252272e-03,2.010000e+01
-9.020483e-02,-7.562232e-03,2.015000e+01
-8.793868e-02,-7.863535e-03,2.020000e+01
-8.566591e-02,-8.156529e-03,2.025000e+01
-8.338712e-02,-8.441561e-03,2.030000e+01
-8.110290e-02,-8.718962e-03,2.035000e+01
-7.881389e-02,-8.989048e-03,2.040000e+01
-7.652073e-02,-9.252120e-03,2.045000e+01
-7.422409e-02,-9.508463e-03,2.050000e+01
-7.192465e-02,-9.758347e-03,2.055000e+01
-6.962312e-02,-1.000203e-02,2.060000e+01
-6.732024e-02,-1.023974e-02,2.065000e+01
-6.501676e-02,-1.047172e-02,2.070000e+01
-6.271344e-02,-1.069816e-02,2.075000e+01
-6.041107e-02,-1.091927e-02,2.080000e+01
-5.811047e-02,-1.113521e-02,2.085000e+01
-5.581247e-02,-1.134616e-02,2.090000e+01
-5.351793e-02,-1.155226e-02,2.095000e+01
-5.122771e-02,-1.175364e-02,2.100000e+01
-4.894272e-02,-1.195042e-02,2.105000e+01
-4.666386e-02,-1.214270e-02,2.110000e+01
-4.439208e-02,-1.233057e-02,2.115000e+01
-4.212833e-02,-1.251410e-02,2.120000e+01
-3.987359e-02,-1.269334e-02,2.125000e+01
-3.762886e-02,-1.286833e-02,2.130000e+01
-3.539516e-02,-1.303911e-02,2.135000e+01
-3.317352e-02,-1.320567e-02,2.140000e+01
-3.096496e-02,-1.336799e-02,2.145000e+01
-2.876918e-02,-1.352537e-02,2.150000e+01
-2.658664e-02,-1.367752e-02,2.155000e+01
-2.441840e-02,-1.382450e-02,2.160000e+01
-2.226548e-02,-1.396635e-02,2.165000e+01
-2.012885e-02,-1.410307e-02,2.170000e+01
-1.800945e-02,-1.423464e-02,2.175000e+01
-1.590814e-02,-1.436103e-02,2.180000e+01
-1.382576e-02,-1.448216e-02,2.185000e+01
-1.176308e-02,-1.459793e-02,2.190000e+01
-9.720845e-03,-1.470824e-02,2.195000e+01
-7.699729e-03,-1.481293e-02,2.200000e+01
-5.700369e-03,-1.491183e-02,2.205000e+01
-3.723352e-03,-1.500476e-02,2.210000e+01
-1.769216e-03,-1.509148e-02,2.215000e+01
1.615473e-04,-1.517176e-02,2.220000e+01
2.068497e-03,-1.524533e-02,2.225000e+01
3.951240e-03,-1.531188e-02,2.230000e+01
5.809430e-03,-1.537110e-02,2.235000e+01
7.642771e-03,-1.542264e-02,2.240000e+01
9.451014e-03,-1.546614e-02,2.245000e+01
1.123396e-02,-1.550118e-02,2.250000e+01
1.299145e-02,-1.552736e-02,2.255000e+01
1.472339e-02,-1.554423e-02,2.260000e+01
1.642972e-02,-1.555187e-02,2.265000e+01
1.811017e-02,-1.555177e-02,2.270000e+01
1.976432e-02,-1.554384e-02,2.275000e+01
2.139181e-02,-1.552793e-02,2.280000e+01
2.299231e-02,-1.550393e-02,2.285000e+01
2.456551e-02,-1.547172e-02,2.290000e+01
2.611119e-02,-1.543127e-02,2.295000e+01
2.762916e-02,-1.538255e-02,2.300000e+01
2.911927e-02,-1.532558e-02,2.305000e+01
3.058142e-02,-1.526040e-02,2.310000e+01
3.201556e-02,-1.518711e-02,2.315000e+01
3.342168e-02,-1.510581e-02,2.320000e+01
3.479983e-02,-1.501666e-02,2.325000e+01
3.615008e-02,-1.491986e-02,2.330000e+01
3.747258e-02,-1.481562e-02,2.335000e+01
3.876751e-02,-1.470421e-02,2.340000e+01
4.003508e-02,-1.458591e-02,2.345000e+01
4.127558e-02,-1.446106e-02,2.350000e+01
4.248931e-02,-1.433003e-02,2.355000e+01
4.367666e-02,-1.419320e-02,2.360000e+01
4.483797e-02,-1.405101e-02,2.365000e+01
4.597302e-02,-1.390381e-02,2.370000e+01
4.708177e-02,-1.375185e-02,2.375000e+01
4.816427e-02,-1.359535e-02,2.380000e+01
4.922058e-02,-1.343456e-02,2.385000e+01
5.025079e-02,-1.326973e-02,2.390000e+01
5.125500e-02,-1.310112e-02,2.395000e+01
5.223334e-02,-1.292902e-02,2.400000e+01
5.318593e-02,-1.275369e-02,2.405000e+01
5.411295e-02,-1.257544e-02,2.410000e+01
5.501455e-02,-1.239456e-02,2.415000e+01
5.589093e-02,-1.221137e-02,2.420000e+01
5.674229e-02,-1.202618e-02,2.425000e+01
5.756886e-02,-1.183933e-02,2.430000e+01
5.837088e-02,-1.165116e-02,2.435000e+01
5.914861e-02,-1.146202e-02,2.440000e+01
5.990233e-02,-1.127226e-02,2.445000e+01
6.063232e-02,-1.108225e-02,2.450000e+01
6.133889e-02,-1.089238e-02,2.455000e+01
6.202238e-02,-1.070302e-02,2.460000e+01
6.268299e-02,-1.051445e-02,2.465000e+01
6.332077e-02,-1.032684e-02,2.470000e+01
6.393580e-02,-1.014038e-02,2.475000e+01
6.452815e-02,-9.955252e-03,2.480000e+01
6.509794e-02,-9.771623e-03,2.485000e+01
6.564528e-02,-9.589650e-03,2.490000e+01
6.617030e-02,-9.409482e-03,2.495000e+01
6.667314e-02,-9.231252e-03,2.500000e+01
6.715397e-02,-9.055085e-03,2.505000e+01
6.761297e-02,-8.881091e-03,2.510000e+01
6.805032e-02,-8.709373e-03,2.515000e+01
6.846623e-02,-8.540019e-03,2.520000e+01
6.886092e-02,-8.373108e-03,2.525000e+01
6.923463e-02,-8.208705e-03,2.530000e+01
6.958759e-02,-8.046867e-03,2.535000e+01
6.992009e-02,-7.887637e-03,2.540000e+01
7.023239e-02,-7.731047e-03,2.545000e+01
7.052479e-02,-7.577120e-03,2.550000e+01
7.079760e-02,-7.425866e-03,2.555000e+01
7.105095e-02,-7.277427e-03,2.560000e+01
7.128490e-02,-7.131813e-03,2.565000e+01
7.149961e-02,-6.988929e-03,2.570000e+01
7.169525e-02,-6.848681e-03,2.575000e+01
7.187201e-02,-6.710986e-03,2.580000e+01
7.203008e-02,-6.575761e-03,2.585000e+01
7.216967e-02,-6.442931e-03,2.590000e+01
7.229101e-02,-6.312425e-03,2.595000e+01
7.239433e-02,-6.184178e-03,2.600000e+01
7.247988e-02,-6.058130e-03,2.605000e+01
7.254793e-02,-5.934226e-03,2.610000e+01
7.259876e-02,-5.812416e-03,2.615000e+01
7.263265e-02,-5.692655e-03,2.620000e+01
7.264992e-02,-5.574906e-03,2.625000e+01
7.265080e-02,-5.459168e-03,2.630000e+01
7.263551e-02,-5.345307e-03,2.635000e+01
7.260426e-02,-5.233155e-03,2.640000e+01
7.255727e-02,-5.122564e-03,2.645000e+01
7.249478e-02,-5.013399e-03,2.650000e+01
7.241703e-02,-4.905546e-03,2.655000e+01
7.232428e-02,-4.798904e-03,2.660000e+01
7.221679e-02,-4.693393e-03,2.665000e+01
7.209485e-02,-4.588947e-03,2.670000e+01
7.195874e-02,-4.485518e-03,2.675000e+01
7.180876e-02,-4.383075e-03,2.680000e+01
7.164521e-02,-4.281605e-03,2.685000e+01
7.146843e-02,-4.181109e-03,2.690000e+01
7.127873e-02,-4.081608e-03,2.695000e+01
7.107634e-02,-3.983068e-03,2.700000e+01
7.086150e-02,-3.885386e-03,2.705000e+01
7.063445e-02,-3.788472e-03,2.710000e+01
7.039544e-02,-3.692253e-03,2.715000e+01
7.014473e-02,-3.596671e-03,2.720000e+01
6.988257e-02,-3.501684e-03,2.725000e+01
6.960922e-02,-3.407269e-03,2.730000e+01
6.932494e-02,-3.313418e-03,2.735000e+01
6.903000e-02,-3.220139e-03,2.740000e+01
6.872466e-02,-3.127458e-03,2.745000e+01
6.840918e-02,-3.035416e-03,2.750000e+01
6.808385e-02,-2.944073e-03,2.755000e+01
6.774892e-02,-2.853503e-03,2.760000e+01
6.740464e-02,-2.763763e-03,2.765000e+01
6.705121e-02,-2.674824e-03,2.770000e+01
6.668883e-02,-2.586651e-03,2.775000e+01
6.631770e-02,-2.499220e-03,2.780000e+01
6.593801e-02,-2.412518e-03,2.785000e+01
6.554995e-02,-2.326541e-03,2.790000e+01
6.515373e-02,-2.241294e-03,2.795000e+01
6.474953e-02,-2.156794e-03,2.800000e+01
6.433756e-02,-2.073067e-03,2.805000e+01
6.391799e-02,-1.990149e-03,2.810000e+01
6.349103e-02,-1.908086e-03,2.815000e+01
6.305687e-02,-1.826936e-03,2.820000e+01
6.261569e-02,-1.746764e-03,2.825000e+01
6.216768e-02,-1.667648e-03,2.830000e+01
6.171304e-02,-1.589672e-03,2.835000e+01
6.125194e-02,-1.512891e-03,2.840000e+01
6.078449e-02,-1.437277e-03,2.845000e+01
6.031079e-02,-1.362799e-03,2.850000e+01
5.983094e-02,-1.289428e-03,2.855000e+01
5.934505e-02,-1.217139e-03,2.860000e+01
5.885323e-02,-1.145909e-03,2.865000e+01
5.835557e-02,-1.075716e-03,2.870000e+01
5.785219e-02,-1.006545e-03,2.875000e+01
5.734320e-02,-9.383795e-04,2.880000e+01
5.682870e-02,-8.712089e-04,2.885000e+01
5.630882e-02,-8.050242e-04,2.890000e+01
5.578366e-02,-7.398195e-04,2.895000e+01
5.525333e-02,-6.755918e-04,2.900000e+01
5.471796e-02,-6.123411e-04,2.905000e+01
5.417766e-02,-5.500699e-04,2.910000e+01
5.363256e-02,-4.887838e-04,2.915000e+01
5.308276e-02,-4.284913e-04,2.920000e+01
5.252841e-02,-3.692267e-04,2.925000e+01
5.196959e-02,-3.109536e-04,2.930000e+01
5.140632e-02,-2.535778e-04,2.935000e+01
5.083865e-02,-1.970098e-04,2.940000e+01
5.026661e-02,-1.411649e-04,2.945000e+01
4.969027e-02,-8.596312e-05,2.950000e+01
4.910968e-02,-3.132902e-05,2.955000e+01
4.852490e-02,2.280800e-05,2.960000e+01
4.793602e-02,7.651388e-05,2.965000e+01
4.734310e-02,1.298499e-04,2.970000e+01
4.674624e-02,1.828725e-04,2.975000e+01
4.614553e-02,2.356336e-04,2.980000e+01
4.554106e-02,2.881804e-04,2.985000e+01
4.493296e-02,3.405551e-04,2.990000e+01
4.432133e-02,3.927957e-04,2.995000e+01
4.370629e-02,4.449351e-04,3.000000e+01
4.308798e-02,4.970016e-04,3.005000e+01
4.246652e-02,5.490189e-04,3.010000e+01
4.184206e-02,6.010059e-04,3.015000e+01
4.121474e-02,6.529579e-04,3.020000e+01
4.058461e-02,7.048134e-04,3.025000e+01
3.995175e-02,7.566530e-04,3.030000e+01
3.931624e-02,8.085693e-04,3.035000e+01
3.867815e-02,8.606447e-04,3.040000e+01
3.803758e-02,9.129512e-04,3.045000e+01
3.739462e-02,9.655510e-04,3.050000e+01
3.674938e-02,1.018496e-03,3.055000e+01
3.610196e-02,1.071828e-03,3.060000e+01
3.545247e-02,1.125578e-03,3.065000e+01
3.480104e-02,1.179769e-03,3.070000e+01
3.414778e-02,1.234411e-03,3.075000e+01
3.349284e-02,1.289505e-03,3.080000e+01
3.283633e-02,1.345043e-03,3.085000e+01
3.217840e-02,1.401005e-03,3.090000e+01
3.151920e-02,1.457362e-03,3.095000e+01
3.085888e-02,1.514075e-03,3.100000e+01
3.019759e-02,1.571094e-03,3.105000e+01
2.953550e-02,1.628360e-03,3.110000e+01
2.887278e-02,1.685802e-03,3.115000e+01
2.820960e-02,1.743341e-03,3.120000e+01
2.754602e-02,1.800928e-03,3.125000e+01
2.688207e-02,1.858581e-03,3.130000e+01
2.621791e-02,1.916299e-03,3.135000e+01
2.555370e-02,1.974077e-03,3.140000e+01
2.488957e-02,2.031903e-03,3.145000e+01
2.422569e-02,2.089763e-03,3.150000e+01
2.356219e-02,2.147633e-03,3.155000e+01
2.289923e-02,2.205486e-03,3.160000e+01
2.223694e-02,2.263290e-03,3.165000e+01
2.157546e-02,2.321005e-03,3.170000e+01
2.091493e-02,2.378587e-03,3.175000e+01
2.025549e-02,2.435987e-03,3.180000e+01
1.959726e-02,2.493149e-03,3.185000e+01
1.894038e-02,2.550013e-03,3.190000e+01
1.828497e-02,2.606512e-03,3.195000e+01
1.763116e-02,2.662574e-03,3.200000e+01
1.697907e-02,2.718121e-03,3.205000e+01
1.632883e-02,2.773071e-03,3.210000e+01
1.568055e-02,2.827334e-03,3.215000e+01
1.503434e-02,2.880817e-03,3.220000e+01
1.439034e-02,2.933420e-03,3.225000e+01
1.374863e-02,2.985038e-03,3.230000e+01
1.310906e-02,3.035697e-03,3.235000e+01
1.247164e-02,3.085447e-03,3.240000e+01
1.183658e-02,3.134274e-03,3.245000e+01
1.120410e-02,3.182162e-03,3.250000e+01
1.057439e-02,3.229093e-03,3.255000e+01
9.947629e-03,3.275047e-03,3.260000e+01
9.324008e-03,3.320004e-03,3.265000e+01
8.703693e-03,3.363941e-03,3.270000e+01
8.086845e-03,3.406835e-03,3.275000e+01
7.473616e-03,3.448659e-03,3.280000e+01
6.864148e-03,3.489388e-03,3.285000e+01
6.258575e-03,3.528992e-03,3.290000e+01
5.657020e-03,3.567442e-03,3.295000e+01
5.059600e-03,3.604706e-03,3.300000e+01
4.466420e-03,3.640751e-03,3.305000e+01
3.877576e-03,3.675543e-03,3.310000e+01
3.293157e-03,3.709046e-03,3.315000e+01
2.713240e-03,3.741222e-03,3.320000e+01
2.137895e-03,3.772032e-03,3.325000e+01
1.567183e-03,3.801436e-03,3.330000e+01
1.001154e-03,3.829392e-03,3.335000e+01
4.398496e-04,3.855856e-03,3.340000e+01
-1.166968e-04,3.880783e-03,3.345000e+01
-6.684621e-04,3.904127e-03,3.350000e+01
-1.215432e-03,3.925839e-03,3.355000e+01
-1.757601e-03,3.945870e-03,3.360000e+01
-2.294973e-03,3.964168e-03,3.365000e+01
-2.827560e-03,3.980687e-03,3.370000e+01
-3.355273e-03,3.995729e-03,3.375000e+01
-3.877934e-03,4.009511e-03,3.380000e+01
-4.395393e-03,4.022045e-03,3.385000e+01
-4.907510e-03,4.033343e-03,3.390000e+01
-5.414149e-03,4.043417e-03,3.395000e+01
-5.915185e-03,4.052281e-03,3.400000e+01
-6.410501e-03,4.059947e-03,3.405000e+01
-6.899986e-03,4.066426e-03,3.410000e+01
-7.383540e-03,4.071732e-03,3.415000e+01
-7.861068e-03,4.075876e-03,3.420000e+01
-8.332484e-03,4.078870e-03,3.425000e+01
-8.797711e-03,4.080728e-03,3.430000e+01
-9.256678e-03,4.081461e-03,3.435000e+01
-9.709325e-03,4.081082e-03,3.440000e+01
-1.015560e-02,4.079602e-03,3.445000e+01
-1.059545e-02,4.077034e-03,3.450000e+01
-1.102884e-02,4.073390e-03,3.455000e+01
-1.145574e-02,4.068682e-03,3.460000e+01
-1.187613e-02,4.062922e-03,3.465000e+01
-1.229000e-02,4.056122e-03,3.470000e+01
-1.269734e-02,4.048294e-03,3.475000e+01
-1.309814e-02,4.039451e-03,3.480000e+01
-1.349244e-02,4.029612e-03,3.485000e+01
-1.388021e-02,4.018919e-03,3.490000e+01
-1.426135e-02,4.007411e-03,3.495000e+01
-1.463573e-02,3.995081e-03,3.500000e+01
-1.500323e-02,3.981925e-03,3.505000e+01
-1.536375e-02,3.967935e-03,3.510000e+01
-1.571718e-02,3.953107e-03,3.515000e+01
-1.606345e-02,3.937434e-03,3.520000e+01
-1.640247e-02,3.920912e-03,3.525000e+01
-1.673419e-02,3.903535e-03,3.530000e+01
-1.705856e-02,3.885298e-03,3.535000e+01
-1.737553e-02,3.866197e-03,3.540000e+01
-1.768508e-02,3.846228e-03,3.545000e+01
-1.798718e-02,3.825385e-03,3.550000e+01
-1.828183e-02,3.803664e-03,3.555000e+01
-1.856902e-02,3.781063e-03,3.560000e+01
-1.884879e-02,3.757577e-03,3.565000e+01
-1.912114e-02,3.733202e-03,3.570000e+01
-1.938612e-02,3.707935e-03,3.575000e+01
-1.964377e-02,3.681773e-03,3.580000e+01
-1.989416e-02,3.654712e-03,3.585000e+01
-2.013734e-02,3.626751e-03,3.590000e+01
-2.037340e-02,3.597894e-03,3.595000e+01
-2.060232e-02,3.568308e-03,3.600000e+01
-2.082402e-02,3.538043e-03,3.605000e+01
-2.103845e-02,3.507068e-03,3.610000e+01
-2.124560e-02,3.475359e-03,3.615000e+01
-2.144543e-02,3.442895e-03,3.620000e+01
-2.163793e-02,3.409662e-03,3.625000e+01
-2.182310e-02,3.375648e-03,3.630000e+01
-2.200093e-02,3.340849e-03,3.635000e+01
-2.217145e-02,3.305264e-03,3.640000e+01
-2.233467e-02,3.268899e-03,3.645000e+01
-2.249064e-02,3.231762e-03,3.650000e+01
-2.263938e-02,3.193869e-03,3.655000e+01
-2.278095e-02,3.155237e-03,3.660000e+01
-2.291542e-02,3.115893e-03,3.665000e+01
-2.304285e-02,3.075866e-03,3.670000e+01
-2.316332e-02,3.035188e-03,3.675000e+01
-2.327693e-02,2.993901e-03,3.680000e+01
-2.338377e-02,2.952048e-03,3.685000e+01
-2.348394e-02,2.909677e-03,3.690000e+01
-2.357755e-02,2.866850e-03,3.695000e+01
-2.366454e-02,2.823618e-03,3.700000e+01
-2.374494e-02,2.779982e-03,3.705000e+01
-2.381878e-02,2.735938e-03,3.710000e+01
-2.388610e-02,2.691492e-03,3.715000e+01
-2.394695e-02,2.646650e-03,3.720000e+01
-2.400136e-02,2.601423e-03,3.725000e+01
-2.404940e-02,2.555830e-03,3.730000e+01
-2.409113e-02,2.509890e-03,3.735000e+01
-2.412660e-02,2.463629e-03,3.740000e+01
-2.415588e-02,2.417077e-03,3.745000e+01
-2.417906e-02,2.370268e-03,3.750000e+01
-2.419621e-02,2.323239e-03,3.755000e+01
-2.420741e-02,2.276036e-03,3.760000e+01
-2.421276e-02,2.228704e-03,3.765000e+01
-2.421234e-02,2.181297e-03,3.770000e+01
-2.420627e-02,2.133869e-03,3.775000e+01
-2.419461e-02,2.086473e-03,3.780000e+01
-2.417740e-02,2.039117e-03,3.785000e+01
-2.415469e-02,1.991810e-03,3.790000e+01
-2.412655e-02,1.944562e-03,3.795000e+01
-2.409303e-02,1.897386e-03,3.800000e+01
-2.405421e-02,1.850298e-03,3.805000e+01
-2.401015e-02,1.803315e-03,3.810000e+01
-2.396093e-02,1.756458e-03,3.815000e+01
-2.390662e-02,1.709750e-03,3.820000e+01
-2.384730e-02,1.663216e-03,3.825000e+01
-2.378304e-02,1.616882e-03,3.830000e+01
-2.371392e-02,1.570779e-03,3.835000e+01
-2.364004e-02,1.524939e-03,3.840000e+01
-2.356147e-02,1.479397e-03,3.845000e+01
-2.347831e-02,1.434189e-03,3.850000e+01
-2.339062e-02,1.389340e-03,3.855000e+01
-2.329847e-02,1.344848e-03,3.860000e+01
-2.320192e-02,1.300713e-03,3.865000e+01
-2.310103e-02,1.256932e-03,3.870000e+01
-2.299588e-02,1.213510e-03,3.875000e+01
-2.288653e-02,1.170449e-03,3.880000e+01
-2.277306e-02,1.127755e-03,3.885000e+01
-2.265554e-02,1.085436e-03,3.890000e+01
-2.253405e-02,1.043501e-03,3.895000e+01
-2.240866e-02,1.001961e-03,3.900000e+01
-2.227946e-02,9.608300e-04,3.905000e+01
-2.214653e-02,9.201222e-04,3.910000e+01
-2.200994e-02,8.798548e-04,3.915000e+01
-2.186980e-02,8.400465e-04,3.920000e+01
-2.172618e-02,8.007251e-04,3.925000e+01
-2.157916e-02,7.618972e-04,3.930000e+01
-2.142880e-02,7.235428e-04,3.935000e+01
-2.127515e-02,6.856443e-04,3.940000e+01
-2.111828e-02,6.481864e-04,3.945000e+01
-2.095826e-02,6.111565e-04,3.950000e+01
-2.079516e-02,5.745444e-04,3.955000e+01
-2.062905e-02,5.383423e-04,3.960000e+01
-2.045999e-02,5.025447e-04,3.965000e+01
-2.028807e-02,4.671490e-04,3.970000e+01
-2.011336e-02,4.321546e-04,3.975000e+01
-1.993593e-02,3.975637e-04,3.980000e+01
-1.975588e-02,3.633809e-04,3.985000e+01
-1.957328e-02,3.296130e-04,3.990000e+01
-1.938822e-02,2.962695e-04,3.995000e+01
-1.920079e-02,2.633625e-04,4.000000e+01
-1.901107e-02,2.309069e-04,4.005000e+01
-1.881913e-02,1.989256e-04,4.010000e+01
-1.862504e-02,1.674034e-04,4.015000e+01
-1.842885e-02,1.363162e-04,4.020000e+01
-1.823063e-02,1.056425e-04,4.025000e+01
-1.803044e-02,7.536382e-05,4.030000e+01
-1.782833e-02,4.546440e-05,4.035000e+01
-1.762439e-02,1.593128e-05,4.040000e+01
-1.741866e-02,-1.324569e-05,4.045000e+01
-1.721123e-02,-4.207385e-05,4.050000e+01
-1.700215e-02,-7.055774e-05,4.055000e+01
-1.679151e-02,-9.869908e-05,4.060000e+01
-1.657936e-02,-1.264968e-04,4.065000e+01
-1.636579e-02,-1.539470e-04,4.070000e+01
-1.615087e-02,-1.810429e-04,4.075000e+01
-1.593467e-02,-2.077752e-04,4.080000e+01
-1.571728e-02,-2.341314e-04,4.085000e+01
-1.549876e-02,-2.600965e-04,4.090000e+01
-1.527919e-02,-2.856525e-04,4.095000e+01
-1.505865e-02,-3.107816e-04,4.100000e+01
-1.483716e-02,-3.354915e-04,4.105000e+01
-1.461480e-02,-3.597994e-04,4.110000e+01
-1.439161e-02,-3.837207e-04,4.115000e+01
-1.416764e-02,-4.072686e-04,4.120000e+01
-1.394296e-02,-4.304542e-04,4.125000e+01
-1.371762e-02,-4.532870e-04,4.130000e+01
-1.349168e-02,-4.757740e-04,4.135000e+01
-1.326519e-02,-4.979206e-04,4.140000e+01
-1.303820e-02,-5.197300e-04,4.145000e+01
-1.281078e-02,-5.412036e-04,4.150000e+01
-1.258298e-02,-5.623406e-04,4.155000e+01
-1.235486e-02,-5.831382e-04,4.160000e+01
-1.212647e-02,-6.035919e-04,4.165000e+01
-1.189786e-02,-6.236948e-04,4.170000e+01
-1.166910e-02,-6.434384e-04,4.175000e+01
-1.144024e-02,-6.628119e-04,4.180000e+01
-1.121134e-02,-6.818026e-04,4.185000e+01
-1.098245e-02,-7.003959e-04,4.190000e+01
-1.075363e-02,-7.185752e-04,4.195000e+01
-1.052490e-02,-7.363360e-04,4.200000e+01
-1.029631e-02,-7.536919e-04,4.205000e+01
-1.006789e-02,-7.706553e-04,4.210000e+01
-9.839693e-03,-7.872375e-04,4.215000e+01
-9.611764e-03,-8.034490e-04,4.220000e+01
-9.384147e-03,-8.192990e-04,4.225000e+01
-9.156885e-03,-8.347958e-04,4.230000e+01
-8.930021e-03,-8.499467e-04,4.235000e+01
-8.703597e-03,-8.647579e-04,4.240000e+01
-8.477654e-03,-8.792347e-04,4.245000e+01
-8.252231e-03,-8.933813e-04,4.250000e+01
-8.027369e-03,-9.072008e-04,4.255000e+01
-7.803106e-03,-9.206954e-04,4.260000e+01
-7.579481e-03,-9.338662e-04,4.265000e+01
-7.356528e-03,-9.467132e-04,4.270000e+01
-7.134286e-03,-9.592356e-04,4.275000e+01
-6.912790e-03,-9.714313e-04,4.280000e+01
-6.692073e-03,-9.832975e-04,4.285000e+01
-6.472170e-03,-9.948300e-04,4.290000e+01
-6.253114e-03,-1.006024e-03,4.295000e+01
-6.034936e-03,-1.016873e-03,4.300000e+01
-5.817669e-03,-1.027370e-03,4.305000e+01
-5.601320e-03,-1.037499e-03,4.310000e+01
-5.385845e-03,-1.047232e-03,4.315000e+01
-5.171287e-03,-1.056597e-03,4.320000e+01
-4.957696e-03,-1.065623e-03,4.325000e+01
-4.745123e-03,-1.074337e-03,4.330000e+01
-4.533615e-03,-1.082765e-03,4.335000e+01
-4.323216e-03,-1.090929e-03,4.340000e+01
-4.113972e-03,-1.098848e-03,4.345000e+01
-3.905924e-03,-1.106540e-03,4.350000e+01
-3.699111e-03,-1.114020e-03,4.355000e+01
-3.493572e-03,-1.121301e-03,4.360000e+01
-3.289343e-03,-1.128394e-03,4.365000e+01
-3.086458e-03,-1.135305e-03,4.370000e+01
-2.884950e-03,-1.142042e-03,4.375000e+01
-2.684848e-03,-1.148606e-03,4.380000e+01
-2.486182e-03,-1.154998e-03,4.385000e+01
-2.288978e-03,-1.161218e-03,4.390000e+01
-2.093261e-03,-1.167260e-03,4.395000e+01
-1.899053e-03,-1.173118e-03,4.400000e+01
-1.706377e-03,-1.178784e-03,4.405000e+01
-1.515250e-03,-1.184245e-03,4.410000e+01
-1.325691e-03,-1.189489e-03,4.415000e+01
-1.137714e-03,-1.194498e-03,4.420000e+01
-9.513328e-04,-1.199255e-03,4.425000e+01
-7.665595e-04,-1.203739e-03,4.430000e+01
-5.834034e-04,-1.207926e-03,4.435000e+01
-4.018723e-04,-1.211790e-03,4.440000e+01
-2.219721e-04,-1.215303e-03,4.445000e+01
-4.370686e-05,-1.218435e-03,4.450000e+01
1.329213e-04,-1.221153e-03,4.455000e+01
3.079479e-04,-1.223522e-03,4.460000e+01
4.813839e-04,-1.225665e-03,4.465000e+01
6.531769e-04,-1.227593e-03,4.470000e+01
8.232773e-04,-1.229316e-03,4.475000e+01
9.916389e-04,-1.230843e-03,4.480000e+01
1.158219e-03,-1.232181e-03,4.485000e+01
1.322976e-03,-1.233337e-03,4.490000e+01
1.485876e-03,-1.234314e-03,4.495000e+01
1.646883e-03,-1.235118e-03,4.500000e+01
1.805968e-03,-1.235749e-03,4.505000e+01
1.963103e-03,-1.236209e-03,4.510000e+01
2.118264e-03,-1.236496e-03,4.515000e+01
2.271432e-03,-1.236611e-03,4.520000e+01
2.422587e-03,-1.236549e-03,4.525000e+01
2.571716e-03,-1.236306e-03,4.530000e+01
2.718808e-03,-1.235877e-03,4.535000e+01
2.863854e-03,-1.235254e-03,4.540000e+01
3.006850e-03,-1.234430e-03,4.545000e+01
3.147794e-03,-1.233394e-03,4.550000e+01
3.286688e-03,-1.232137e-03,4.555000e+01
3.423536e-03,-1.230646e-03,4.560000e+01
3.558347e-03,-1.228907e-03,4.565000e+01
3.691131e-03,-1.226905e-03,4.570000e+01
3.821903e-03,-1.224626e-03,4.575000e+01
3.950680e-03,-1.222051e-03,4.580000e+01
4.077483e-03,-1.219162e-03,4.585000e+01
4.202333e-03,-1.215954e-03,4.590000e+01
4.325197e-03,-1.212554e-03,4.595000e+01
4.446038e-03,-1.208987e-03,4.600000e+01
4.564826e-03,-1.205249e-03,4.605000e+01
4.681537e-03,-1.201332e-03,4.610000e+01
4.796145e-03,-1.197231e-03,4.615000e+01
4.908631e-03,-1.192943e-03,4.620000e+01
5.018976e-03,-1.188461e-03,4.625000e+01
5.127166e-03,-1.183784e-03,4.630000e+01
5.233190e-03,-1.178908e-03,4.635000e+01
5.337037e-03,-1.173831e-03,4.640000e+01
5.438703e-03,-1.168552e-03,4.645000e+01
5.538184e-03,-1.163069e-03,4.650000e+01
5.635479e-03,-1.157382e-03,4.655000e+01
5.730591e-03,-1.151491e-03,4.660000e+01
5.823527e-03,-1.145398e-03,4.665000e+01
5.914293e-03,-1.139103e-03,4.670000e+01
6.002902e-03,-1.132609e-03,4.675000e+01
6.089367e-03,-1.125918e-03,4.680000e+01
6.173706e-03,-1.119034e-03,4.685000e+01
6.255939e-03,-1.111961e-03,4.690000e+01
6.336089e-03,-1.104702e-03,4.695000e+01
6.414161e-03,-1.097288e-03,4.700000e+01
6.490131e-03,-1.089739e-03,4.705000e+01
6.563984e-03,-1.082047e-03,4.710000e+01
6.635707e-03,-1.074202e-03,4.715000e+01
6.705288e-03,-1.066198e-03,4.720000e+01
6.772721e-03,-1.058028e-03,4.725000e+01
6.838001e-03,-1.049688e-03,4.730000e+01
6.901123e-03,-1.041173e-03,4.735000e+01
6.962089e-03,-1.032482e-03,4.740000e+01
7.020900e-03,-1.023614e-03,4.745000e+01
7.077561e-03,-1.014567e-03,4.750000e+01
7.132080e-03,-1.005344e-03,4.755000e+01
7.184466e-03,-9.959476e-04,4.760000e+01
7.234733e-03,-9.863804e-04,4.765000e+01
7.282894e-03,-9.766479e-04,4.770000e+01
7.328968e-03,-9.667563e-04,4.775000e+01
7.372975e-03,-9.567128e-04,4.780000e+01
7.414937e-03,-9.465262e-04,4.785000e+01
7.454880e-03,-9.362062e-04,4.790000e+01
7.492825e-03,-9.257665e-04,4.795000e+01
7.528761e-03,-9.152230e-04,4.800000e+01
7.562685e-03,-9.045698e-04,4.805000e+01
7.594597e-03,-8.938001e-04,4.810000e+01
7.624500e-03,-8.829087e-04,4.815000e+01
7.652399e-03,-8.718917e-04,4.820000e+01
7.678299e-03,-8.607466e-04,4.825000e+01
7.702210e-03,-8.494723e-04,4.830000e+01
7.724140e-03,-8.380690e-04,4.835000e+01
7.744103e-03,-8.265386e-04,4.840000e+01
7.762111e-03,-8.148841e-04,4.845000e+01
7.778182e-03,-8.031101e-04,4.850000e+01
7.792331e-03,-7.912224e-04,4.855000e+01
7.804580e-03,-7.792285e-04,4.860000e+01
7.814949e-03,-7.671370e-04,4.865000e+01
7.823461e-03,-7.549580e-04,4.870000e+01
7.830142e-03,-7.427033e-04,4.875000e+01
7.835018e-03,-7.303857e-04,4.880000e+01
7.838097e-03,-7.180149e-04,4.885000e+01
7.839384e-03,-7.055880e-04,4.890000e+01
7.838890e-03,-6.931012e-04,4.895000e+01
7.836625e-03,-6.805518e-04,4.900000e+01
7.832602e-03,-6.679384e-04,4.905000e+01
7.826837e-03,-6.552609e-04,4.910000e+01
7.819344e-03,-6.425203e-04,4.915000e+01
7.810140e-03,-6.297190e-04,4.920000e+01
7.799243e-03,-6.168604e-04,4.925000e+01
7.786673e-03,-6.039494e-04,4.930000e+01
7.772450e-03,-5.909919e-04,4.935000e+01
7.756596e-03,-5.779951e-04,4.940000e+01
7.739134e-03,-5.649674e-04,4.945000e+01
7.720089e-03,-5.519187e-04,4.950000e+01
7.699487e-03,-5.388597e-04,4.955000e+01
7.677353e-03,-5.258001e-04,4.960000e+01
7.653692e-03,-5.127337e-04,4.965000e+01
7.628522e-03,-4.996610e-04,4.970000e+01
7.601862e-03,-4.865852e-04,4.975000e+01
7.573734e-03,-4.735097e-04,4.980000e+01
7.544157e-03,-4.604387e-04,4.985000e+01
7.513153e-03,-4.473769e-04,4.990000e+01
7.480743e-03,-4.343292e-04,4.995000e+01
