x,u,t
0.000000e+00,0.000000e+00,0.000000e+00
5.783888e-06,-3.742620e-04,5.000000e-02
4.558168e-05,-1.478516e-03,1.000000e-01
1.513120e-04,-3.285000e-03,1.500000e-01
3.527805e-04,-5.766121e-03,2.000000e-01
6.778234e-04,-8.894543e-03,2.500000e-01
1.152307e-03,-1.264318e-02,3.000000e-01
1.800218e-03,-1.698524e-02,3.500000e-01
2.643493e-03,-2.189408e-02,4.000000e-01
3.702248e-03,-2.734337e-02,4.500000e-01
4.994989e-03,-3.330716e-02,5.000000e-01
6.538613e-03,-3.975989e-02,5.500000e-01
8.348410e-03,-4.667638e-02,6.000000e-01
1.043831e-02,-5.403190e-02,6.500000e-01
1.282055e-02,-6.180202e-02,7.000000e-01
1.550540e-02,-6.996254e-02,7.500000e-01
1.850197e-02,-7.848976e-02,8.000000e-01
2.181825e-02,-8.736047e-02,8.500000e-01
2.546109e-02,-9.655196e-02,9.000000e-01
2.943619e-02,-1.060420e-01,9.500000e-01
3.374813e-02,-1.158089e-01,1.000000e+00
3.840035e-02,-1.258315e-01,1.050000e+00
4.339538e-02,-1.360889e-01,1.100000e+00
4.873528e-02,-1.465610e-01,1.150000e+00
5.441958e-02,-1.572277e-01,1.200000e+00
6.044692e-02,-1.680695e-01,1.250000e+00
6.681536e-02,-1.790675e-01,1.300000e+00
7.352237e-02,-1.902032e-01,1.350000e+00
8.056484e-02,-2.014588e-01,1.400000e+00
8.793909e-02,-2.128168e-01,1.450000e+00
9.564085e-02,-2.242605e-01,1.500000e+00
1.036653e-01,-2.357734e-01,1.550000e+00
1.120069e-01,-2.473398e-01,1.600000e+00
1.206597e-01,-2.589444e-01,1.650000e+00
1.296171e-01,-2.705724e-01,1.700000e+00
1.388722e-01,-2.822096e-01,1.750000e+00
1.484184e-01,-2.938412e-01,1.800000e+00
1.582468e-01,-3.054541e-01,1.850000e+00
1.683476e-01,-3.170354e-01,1.900000e+00
1.787111e-01,-3.285730e-01,1.950000e+00
1.893277e-01,-3.400548e-01,2.000000e+00
2.001874e-01,-3.514695e-01,2.050000e+00
2.112803e-01,-3.628059e-01,2.100000e+00
2.225962e-01,-3.740534e-01,2.150000e+00
2.341251e-01,-3.852018e-01,2.200000e+00
2.458568e-01,-3.962413e-01,2.250000e+00
2.577808e-01,-4.071625e-01,2.300000e+00
2.698868e-01,-4.179564e-01,2.350000e+00
2.821643e-01,-4.286145e-01,2.400000e+00
2.946027e-01,-4.391287e-01,2.450000e+00
3.071912e-01,-4.494912e-01,2.500000e+00
3.199192e-01,-4.596947e-01,2.550000e+00
3.327758e-01,-4.697323e-01,2.600000e+00
3.457500e-01,-4.795950e-01,2.650000e+00
3.588303e-01,-4.892763e-01,2.700000e+00
3.720049e-01,-4.987714e-01,2.750000e+00
3.852623e-01,-5.080759e-01,2.800000e+00
3.985910e-01,-5.171855e-01,2.850000e+00
4.119799e-01,-5.260962e-01,2.900000e+00
4.254179e-01,-5.348042e-01,2.950000e+00
4.388941e-01,-5.433056e-01,3.000000e+00
4.523978e-01,-5.515969e-01,3.050000e+00
4.659186e-01,-5.596749e-01,3.100000e+00
4.794460e-01,-5.675364e-01,3.150000e+00
4.929700e-01,-5.751784e-01,3.200000e+00
5.064805e-01,-5.825981e-01,3.250000e+00
5.199676e-01,-5.897929e-01,3.300000e+00
5.334219e-01,-5.967604e-01,3.350000e+00
5.468337e-01,-6.034984e-01,3.400000e+00
5.601937e-01,-6.100048e-01,3.450000e+00
5.734930e-01,-6.162777e-01,3.500000e+00
5.867224e-01,-6.223155e-01,3.550000e+00
5.998733e-01,-6.281167e-01,3.600000e+00
6.129370e-01,-6.336800e-01,3.650000e+00
6.259052e-01,-6.390042e-01,3.700000e+00
6.387695e-01,-6.440883e-01,3.750000e+00
6.515180e-01,-6.489305e-01,3.800000e+00
6.641417e-01,-6.535311e-01,3.850000e+00
6.766338e-01,-6.578920e-01,3.900000e+00
6.889881e-01,-6.620148e-01,3.950000e+00
7.011980e-01,-6.659012e-01,4.000000e+00
7.132575e-01,-6.695528e-01,4.050000e+00
7.251604e-01,-6.729714e-01,4.100000e+00
7.369007e-01,-6.761586e-01,4.150000e+00
7.484726e-01,-6.791161e-01,4.200000e+00
7.598703e-01,-6.818455e-01,4.250000e+00
7.710883e-01,-6.843484e-01,4.300000e+00
7.821210e-01,-6.866265e-01,4.350000e+00
7.929631e-01,-6.886813e-01,4.400000e+00
8.036093e-01,-6.905145e-01,4.450000e+00
8.140544e-01,-6.921277e-01,4.500000e+00
8.242936e-01,-6.935224e-01,4.550000e+00
8.343218e-01,-6.947003e-01,4.600000e+00
8.441344e-01,-6.956628e-01,4.650000e+00
8.537266e-01,-6.964115e-01,4.700000e+00
8.630939e-01,-6.969481e-01,4.750000e+00
8.722320e-01,-6.972739e-01,4.800000e+00
8.811366e-01,-6.973906e-01,4.850000e+00
8.898034e-01,-6.972996e-01,4.900000e+00
8.982285e-01,-6.970024e-01,4.950000e+00
9.064060e-01,-6.965003e-01,5.000000e+00
9.143274e-01,-6.957952e-01,5.050000e+00
9.219927e-01,-6.948915e-01,5.100000e+00
9.294020e-01,-6.937936e-01,5.150000e+00
9.365559e-01,-6.925056e-01,5.200000e+00
9.434544e-01,-6.910319e-01,5.250000e+00
9.500978e-01,-6.893763e-01,5.300000e+00
9.564862e-01,-6.875429e-01,5.350000e+00
9.626198e-01,-6.855355e-01,5.400000e+00
9.684985e-01,-6.833577e-01,5.450000e+00
9.741224e-01,-6.810131e-01,5.500000e+00
9.794913e-01,-6.785052e-01,5.550000e+00
9.846053e-01,-6.758372e-01,5.600000e+00
9.894640e-01,-6.730126e-01,5.650000e+00
9.940674e-01,-6.700342e-01,5.700000e+00
9.984152e-01,-6.669052e-01,5.750000e+00
1.002507e+00,-6.636284e-01,5.800000e+00
1.006342e+00,-6.602065e-01,5.850000e+00
1.009921e+00,-6.566423e-01,5.900000e+00
1.013242e+00,-6.529382e-01,5.950000e+00
1.016306e+00,-6.490966e-01,6.000000e+00
1.019112e+00,-6.451199e-01,6.050000e+00
1.021658e+00,-6.410102e-01,6.100000e+00
1.023945e+00,-6.367695e-01,6.150000e+00
1.025972e+00,-6.323999e-01,6.200000e+00
1.027737e+00,-6.279032e-01,6.250000e+00
1.029241e+00,-6.232810e-01,6.300000e+00
1.030481e+00,-6.185350e-01,6.350000e+00
1.031458e+00,-6.136666e-01,6.400000e+00
1.032173e+00,-6.086813e-01,6.450000e+00
1.032630e+00,-6.035859e-01,6.500000e+00
1.032834e+00,-5.983841e-01,6.550000e+00
1.032787e+00,-5.930793e-01,6.600000e+00
1.032494e+00,-5.876748e-01,6.650000e+00
1.031958e+00,-5.821742e-01,6.700000e+00
1.031182e+00,-5.765805e-01,6.750000e+00
1.030169e+00,-5.708969e-01,6.800000e+00
1.028923e+00,-5.651266e-01,6.850000e+00
1.027446e+00,-5.592726e-01,6.900000e+00
1.025742e+00,-5.533378e-01,6.950000e+00
1.023812e+00,-5.473252e-01,7.000000e+00
1.021661e+00,-5.412375e-01,7.050000e+00
1.019290e+00,-5.350775e-01,7.100000e+00
1.016701e+00,-5.288478e-01,7.150000e+00
1.013898e+00,-5.225510e-01,7.200000e+00
1.010882e+00,-5.161897e-01,7.250000e+00
1.007656e+00,-5.097663e-01,7.300000e+00
1.004222e+00,-5.032831e-01,7.350000e+00
1.000581e+00,-4.967425e-01,7.400000e+00
9.967353e-01,-4.901467e-01,7.450000e+00
9.926867e-01,-4.834979e-01,7.500000e+00
9.884368e-01,-4.767980e-01,7.550000e+00
9.839870e-01,-4.700492e-01,7.600000e+00
9.793388e-01,-4.632533e-01,7.650000e+00
9.744935e-01,-4.564123e-01,7.700000e+00
9.694568e-01,-4.495301e-01,7.750000e+00
9.642347e-01,-4.426102e-01,7.800000e+00
9.588311e-01,-4.356550e-01,7.850000e+00
9.532499e-01,-4.286668e-01,7.900000e+00
9.474948e-01,-4.216478e-01,7.950000e+00
9.415697e-01,-4.146004e-01,8.000000e+00
9.354782e-01,-4.075268e-01,8.050000e+00
9.292239e-01,-4.004291e-01,8.100000e+00
9.228104e-01,-3.933096e-01,8.150000e+00
9.162409e-01,-3.861703e-01,8.200000e+00
9.095189e-01,-3.790134e-01,8.250000e+00
9.026477e-01,-3.718409e-01,8.300000e+00
8.956305e-01,-3.646549e-01,8.350000e+00
8.884704e-01,-3.574573e-01,8.400000e+00
8.811705e-01,-3.502501e-01,8.450000e+00
8.737337e-01,-3.430353e-01,8.500000e+00
8.661629e-01,-3.358147e-01,8.550000e+00
8.584610e-01,-3.285903e-01,8.600000e+00
8.506306e-01,-3.213637e-01,8.650000e+00
8.426746e-01,-3.141370e-01,8.700000e+00
8.345953e-01,-3.069117e-01,8.750000e+00
8.263959e-01,-2.996901e-01,8.800000e+00
8.180803e-01,-2.924742e-01,8.850000e+00
8.096524e-01,-2.852657e-01,8.900000e+00
8.011161e-01,-2.780661e-01,8.950000e+00
7.924752e-01,-2.708769e-01,9.000000e+00
7.837335e-01,-2.636998e-01,9.050000e+00
7.748945e-01,-2.565362e-01,9.100000e+00
7.659618e-01,-2.493878e-01,9.150000e+00
7.569389e-01,-2.422559e-01,9.200000e+00
7.478293e-01,-2.351421e-01,9.250000e+00
7.386363e-01,-2.280478e-01,9.300000e+00
7.293630e-01,-2.209746e-01,9.350000e+00
7.200128e-01,-2.139238e-01,9.400000e+00
7.105887e-01,-2.068968e-01,9.450000e+00
7.010937e-01,-1.998952e-01,9.500000e+00
6.915308e-01,-1.929202e-01,9.550000e+00
6.819028e-01,-1.859734e-01,9.600000e+00
6.722126e-01,-1.790559e-01,9.650000e+00
6.624629e-01,-1.721692e-01,9.700000e+00
6.526563e-01,-1.653146e-01,9.750000e+00
6.427954e-01,-1.584935e-01,9.800000e+00
6.328826e-01,-1.517071e-01,9.850000e+00
6.229204e-01,-1.449567e-01,9.900000e+00
6.129112e-01,-1.382436e-01,9.950000e+00
6.028577e-01,-1.315694e-01,1.000000e+01
5.927644e-01,-1.249357e-01,1.005000e+01
5.826344e-01,-1.183435e-01,1.010000e+01
5.724707e-01,-1.117935e-01,1.015000e+01
5.622763e-01,-1.052863e-01,1.020000e+01
5.520543e-01,-9.882295e-02,1.025000e+01
5.418073e-01,-9.240405e-02,1.030000e+01
5.315383e-01,-8.603043e-02,1.035000e+01
5.212502e-01,-7.970288e-02,1.040000e+01
5.109455e-01,-7.342220e-02,1.045000e+01
5.006271e-01,-6.718921e-02,1.050000e+01
4.902975e-01,-6.100470e-02,1.055000e+01
4.799594e-01,-5.486950e-02,1.060000e+01
4.696154e-01,-4.878442e-02,1.065000e+01
4.592679e-01,-4.275031e-02,1.070000e+01
4.489194e-01,-3.676800e-02,1.075000e+01
4.385724e-01,-3.083833e-02,1.080000e+01
4.282291e-01,-2.496214e-02,1.085000e+01
4.178920e-01,-1.914030e-02,1.090000e+01
4.075633e-01,-1.337367e-02,1.095000e+01
3.972452e-01,-7.663115e-03,1.100000e+01
3.869398e-01,-2.009507e-03,1.105000e+01
3.766495e-01,3.586272e-03,1.110000e+01
3.663761e-01,9.123335e-03,1.115000e+01
3.561218e-01,1.460079e-02,1.120000e+01
3.458885e-01,2.001773e-02,1.125000e+01
3.356783e-01,2.537326e-02,1.130000e+01
3.254942e-01,3.066603e-02,1.135000e+01
3.153405e-01,3.589487e-02,1.140000e+01
3.052190e-01,4.105988e-02,1.145000e+01
2.951312e-01,4.616117e-02,1.150000e+01
2.850787e-01,5.119877e-02,1.155000e+01
2.750633e-01,5.617274e-02,1.160000e+01
2.650864e-01,6.108307e-02,1.165000e+01
2.551499e-01,6.592974e-02,1.170000e+01
2.452552e-01,7.071268e-02,1.175000e+01
2.354040e-01,7.543181e-02,1.180000e+01
2.255979e-01,8.008701e-02,1.185000e+01
2.158386e-01,8.467813e-02,1.190000e+01
2.061276e-01,8.920500e-02,1.195000e+01
1.964667e-01,9.366740e-02,1.200000e+01
1.868574e-01,9.806509e-02,1.205000e+01
1.773012e-01,1.023978e-01,1.210000e+01
1.678000e-01,1.066652e-01,1.215000e+01
1.583551e-01,1.108671e-01,1.220000e+01
1.489684e-01,1.150030e-01,1.225000e+01
1.396413e-01,1.190725e-01,1.230000e+01
1.303755e-01,1.230752e-01,1.235000e+01
1.211726e-01,1.270108e-01,1.240000e+01
1.120342e-01,1.308786e-01,1.245000e+01
1.029619e-01,1.346782e-01,1.250000e+01
9.395731e-02,1.384091e-01,1.255000e+01
8.502205e-02,1.420706e-01,1.260000e+01
7.615770e-02,1.456622e-01,1.265000e+01
6.736587e-02,1.491833e-01,1.270000e+01
5.864815e-02,1.526331e-01,1.275000e+01
5.000615e-02,1.560110e-01,1.280000e+01
4.144151e-02,1.593166e-01,1.285000e+01
3.295593e-02,1.625515e-01,1.290000e+01
2.455008e-02,1.657165e-01,1.295000e+01
1.622452e-02,1.688119e-01,1.300000e+01
7.979835e-03,1.718381e-01,1.305000e+01
-1.833880e-04,1.747953e-01,1.310000e+01
-8.264518e-03,1.776837e-01,1.315000e+01
-1.626291e-02,1.805037e-01,1.320000e+01
-2.417788e-02,1.832554e-01,1.325000e+01
-3.200873e-02,1.859391e-01,1.330000e+01
-3.975475e-02,1.885550e-01,1.335000e+01
-4.741517e-02,1.911031e-01,1.340000e+01
-5.498924e-02,1.935838e-01,1.345000e+01
-6.247615e-02,1.959971e-01,1.350000e+01
-6.987507e-02,1.983431e-01,1.355000e+01
-7.718517e-02,2.006220e-01,1.360000e+01
-8.440557e-02,2.028338e-01,1.365000e+01
-9.153538e-02,2.049785e-01,1.370000e+01
-9.857367e-02,2.070564e-01,1.375000e+01
-1.055195e-01,2.090673e-01,1.380000e+01
-1.123719e-01,2.110112e-01,1.385000e+01
-1.191299e-01,2.128882e-01,1.390000e+01
-1.257924e-01,2.146983e-01,1.395000e+01
-1.323585e-01,2.164414e-01,1.400000e+01
-1.388270e-01,2.181174e-01,1.405000e+01
-1.451968e-01,2.197267e-01,1.410000e+01
-1.514680e-01,2.212701e-01,1.415000e+01
-1.576407e-01,2.227481e-01,1.420000e+01
-1.637151e-01,2.241614e-01,1.425000e+01
-1.696914e-01,2.255105e-01,1.430000e+01
-1.755697e-01,2.267960e-01,1.435000e+01
-1.813502e-01,2.280184e-01,1.440000e+01
-1.870328e-01,2.291781e-01,1.445000e+01
-1.926175e-01,2.302757e-01,1.450000e+01
-1.981045e-01,2.313117e-01,1.455000e+01
-2.034934e-01,2.322865e-01,1.460000e+01
-2.087844e-01,2.332005e-01,1.465000e+01
-2.139771e-01,2.340541e-01,1.470000e+01
-2.190715e-01,2.348478e-01,1.475000e+01
-2.240674e-01,2.355819e-01,1.480000e+01
-2.289644e-01,2.362568e-01,1.485000e+01
-2.337622e-01,2.368727e-01,1.490000e+01
-2.384606e-01,2.374301e-01,1.495000e+01
-2.430591e-01,2.379293e-01,1.500000e+01
-2.475573e-01,2.383704e-01,1.505000e+01
-2.519549e-01,2.387538e-01,1.510000e+01
-2.562512e-01,2.390797e-01,1.515000e+01
-2.604458e-01,2.393483e-01,1.520000e+01
-2.645381e-01,2.395599e-01,1.525000e+01
-2.685274e-01,2.397148e-01,1.530000e+01
-2.724136e-01,2.398137e-01,1.535000e+01
-2.761978e-01,2.398576e-01,1.540000e+01
-2.798808e-01,2.398472e-01,1.545000e+01
-2.834634e-01,2.397833e-01,1.550000e+01
-2.869465e-01,2.396667e-01,1.555000e+01
-2.903308e-01,2.394981e-01,1.560000e+01
-2.936170e-01,2.392782e-01,1.565000e+01
-2.968058e-01,2.390077e-01,1.570000e+01
-2.998978e-01,2.386874e-01,1.575000e+01
-3.028934e-01,2.383177e-01,1.580000e+01
-3.057932e-01,2.378995e-01,1.585000e+01
-3.085977e-01,2.374332e-01,1.590000e+01
-3.113072e-01,2.369195e-01,1.595000e+01
-3.139222e-01,2.363589e-01,1.600000e+01
-3.164428e-01,2.357520e-01,1.605000e+01
-3.188693e-01,2.350992e-01,1.610000e+01
-3.212019e-01,2.344012e-01,1.615000e+01
-3.234408e-01,2.336584e-01,1.620000e+01
-3.255860e-01,2.328712e-01,1.625000e+01
-3.276376e-01,2.320401e-01,1.630000e+01
-3.295956e-01,2.311655e-01,1.635000e+01
-3.314599e-01,2.302478e-01,1.640000e+01
-3.332304e-01,2.292873e-01,1.645000e+01
-3.349069e-01,2.282845e-01,1.650000e+01
-3.364892e-01,2.272396e-01,1.655000e+01
-3.379774e-01,2.261533e-01,1.660000e+01
-3.393729e-01,2.250269e-01,1.665000e+01
-3.406770e-01,2.238612e-01,1.670000e+01
-3.418909e-01,2.226572e-01,1.675000e+01
-3.430157e-01,2.214155e-01,1.680000e+01
-3.440526e-01,2.201369e-01,1.685000e+01
-3.450025e-01,2.188222e-01,1.690000e+01
-3.458666e-01,2.174722e-01,1.695000e+01
-3.466457e-01,2.160875e-01,1.700000e+01
-3.473409e-01,2.146688e-01,1.705000e+01
-3.479529e-01,2.132169e-01,1.710000e+01
-3.484827e-01,2.117324e-01,1.715000e+01
-3.489309e-01,2.102161e-01,1.720000e+01
-3.492984e-01,2.086684e-01,1.725000e+01
-3.495858e-01,2.070902e-01,1.730000e+01
-3.497938e-01,2.054819e-01,1.735000e+01
-3.499229e-01,2.038442e-01,1.740000e+01
-3.499738e-01,2.021777e-01,1.745000e+01
-3.499469e-01,2.004829e-01,1.750000e+01
-3.498428e-01,1.987605e-01,1.755000e+01
-3.496617e-01,1.970108e-01,1.760000e+01
-3.494041e-01,1.952346e-01,1.765000e+01
-3.490703e-01,1.934322e-01,1.770000e+01
-3.486607e-01,1.916043e-01,1.775000e+01
-3.481753e-01,1.897511e-01,1.780000e+01
-3.476149e-01,1.878735e-01,1.785000e+01
-3.469814e-01,1.859726e-01,1.790000e+01
-3.462763e-01,1.840492e-01,1.795000e+01
-3.455007e-01,1.821040e-01,1.800000e+01
-3.446558e-01,1.801376e-01,1.805000e+01
-3.437424e-01,1.781508e-01,1.810000e+01
-3.427618e-01,1.761441e-01,1.815000e+01
-3.417150e-01,1.741183e-01,1.820000e+01
-3.406029e-01,1.720740e-01,1.825000e+01
-3.394265e-01,1.700118e-01,1.830000e+01
-3.381868e-01,1.679324e-01,1.835000e+01
-3.368847e-01,1.658363e-01,1.840000e+01
-3.355210e-01,1.637243e-01,1.845000e+01
-3.340966e-01,1.615970e-01,1.850000e+01
-3.326124e-01,1.594548e-01,1.855000e+01
-3.310692e-01,1.572986e-01,1.860000e+01
-3.294676e-01,1.551287e-01,1.865000e+01
-3.278086e-01,1.529459e-01,1.870000e+01
-3.260927e-01,1.507508e-01,1.875000e+01
-3.243208e-01,1.485438e-01,1.880000e+01
-3.224933e-01,1.463255e-01,1.885000e+01
-3.206113e-01,1.440967e-01,1.890000e+01
-3.186758e-01,1.418580e-01,1.895000e+01
-3.166881e-01,1.396100e-01,1.900000e+01
-3.146494e-01,1.373533e-01,1.905000e+01
-3.125607e-01,1.350885e-01,1.910000e+01
-3.104234e-01,1.328162e-01,1.915000e+01
-3.082383e-01,1.305370e-01,1.920000e+01
-3.060067e-01,1.282514e-01,1.925000e+01
-3.037295e-01,1.259601e-01,1.930000e+01
-3.014078e-01,1.236635e-01,1.935000e+01
-2.990426e-01,1.213622e-01,1.940000e+01
-2.966348e-01,1.190569e-01,1.945000e+01
-2.941855e-01,1.167480e-01,1.950000e+01
-2.916954e-01,1.144360e-01,1.955000e+01
-2.891656e-01,1.121216e-01,1.960000e+01
-2.865969e-01,1.098053e-01,1.965000e+01
-2.839901e-01,1.074875e-01,1.970000e+01
-2.813461e-01,1.051689e-01,1.975000e+01
-2.786656e-01,1.028498e-01,1.980000e+01
-2.759494e-01,1.005309e-01,1.985000e+01
-2.731983e-01,9.821270e-02,1.990000e+01
-2.704130e-01,9.589559e-02,1.995000e+01
-2.675943e-01,9.358020e-02,2.000000e+01
-2.647433e-01,9.126718e-02,2.005000e+01
-2.618613e-01,8.895697e-02,2.010000e+01
-2.589493e-01,8.665003e-02,2.015000e+01
-2.560084e-01,8.434680e-02,2.020000e+01
-2.530398e-01,8.204774e-02,2.025000e+01
-2.500444e-01,7.975328e-02,2.030000e+01
-2.470234e-01,7.746387e-02,2.035000e+01
-2.439777e-01,7.517995e-02,2.040000e+01
-2.409083e-01,7.290195e-02,2.045000e+01
-2.378161e-01,7.063031e-02,2.050000e+01
-2.347022e-01,6.836546e-02,2.055000e+01
-2.315675e-01,6.610782e-02,2.060000e+01
-2.284128e-01,6.385783e-02,2.065000e+01
-2.252391e-01,6.161590e-02,2.070000e+01
-2.220472e-01,5.938247e-02,2.075000e+01
-2.188379e-01,5.715794e-02,2.080000e+01
-2.156121e-01,5.494274e-02,2.085000e+01
-2.123705e-01,5.273728e-02,2.090000e+01
-2.091140e-01,5.054197e-02,2.095000e+01
-2.058433e-01,4.835723e-02,2.100000e+01
-2.025592e-01,4.618345e-02,2.105000e+01
-1.992623e-01,4.402105e-02,2.110000e+01
-1.959533e-01,4.187042e-02,2.115000e+01
-1.926328e-01,3.973197e-02,2.120000e+01
-1.893019e-01,3.760618e-02,2.125000e+01
-1.859617e-01,3.549362e-02,2.130000e+01
-1.826132e-01,3.339456e-02,2.135000e+01
-1.792573e-01,3.130922e-02,2.140000e+01
-1.758949e-01,2.923783e-02,2.145000e+01
-1.725267e-01,2.718063e-02,2.150000e+01
-1.691537e-01,2.513785e-02,2.155000e+01
-1.657766e-01,2.310975e-02,2.160000e+01
-1.623963e-01,2.109656e-02,2.165000e+01
-1.590136e-01,1.909852e-02,2.170000e+01
-1.556292e-01,1.711590e-02,2.175000e+01
-1.522439e-01,1.514895e-02,2.180000e+01
-1.488585e-01,1.319791e-02,2.185000e+01
-1.454738e-01,1.126306e-02,2.190000e+01
-1.420905e-01,9.344648e-03,2.195000e+01
-1.387093e-01,7.442946e-03,2.200000e+01
-1.353309e-01,5.558221e-03,2.205000e+01
-1.319561e-01,3.690745e-03,2.210000e+01
-1.285856e-01,1.840792e-03,2.215000e+01
-1.252200e-01,8.639908e-06,2.220000e+01
-1.218600e-01,-1.805430e-03,2.225000e+01
-1.185063e-01,-3.601136e-03,2.230000e+01
-1.151595e-01,-5.378189e-03,2.235000e+01
-1.118202e-01,-7.136301e-03,2.240000e+01
-1.084892e-01,-8.875179e-03,2.245000e+01
-1.051669e-01,-1.059453e-02,2.250000e+01
-1.018541e-01,-1.229405e-02,2.255000e+01
-9.855129e-02,-1.397344e-02,2.260000e+01
-9.525950e-02,-1.563223e-02,2.265000e+01
-9.198013e-02,-1.727001e-02,2.270000e+01
-8.871364e-02,-1.888683e-02,2.275000e+01
-8.546047e-02,-2.048274e-02,2.280000e+01
-8.222107e-02,-2.205779e-02,2.285000e+01
-7.899590e-02,-2.361201e-02,2.290000e+01
-7.578539e-02,-2.514541e-02,2.295000e+01
-7.259000e-02,-2.665803e-02,2.300000e+01
-6.941019e-02,-2.814984e-02,2.305000e+01
-6.624641e-02,-2.962085e-02,2.310000e+01
-6.309913e-02,-3.107103e-02,2.315000e+01
-5.996881e-02,-3.250035e-02,2.320000e+01
-5.685592e-02,-3.390877e-02,2.325000e+01
-5.376092e-02,-3.529623e-02,2.330000e+01
-5.068429e-02,-3.666266e-02,2.335000e+01
-4.762650e-02,-3.800800e-02,2.340000e+01
-4.458802e-02,-3.933215e-02,2.345000e+01
-4.156934e-02,-4.063502e-02,2.350000e+01
-3.857094e-02,-4.191649e-02,2.355000e+01
-3.559330e-02,-4.317646e-02,2.360000e+01
-3.263692e-02,-4.441478e-02,2.365000e+01
-2.970227e-02,-4.563133e-02,2.370000e+01
-2.678985e-02,-4.682594e-02,2.375000e+01
-2.390017e-02,-4.799845e-02,2.380000e+01
-2.103371e-02,-4.914869e-02,2.385000e+01
-1.819098e-02,-5.027648e-02,2.390000e+01
-1.537247e-02,-5.138162e-02,2.395000e+01
-1.257870e-02,-5.246391e-02,2.400000e+01
-9.810178e-03,-5.352312e-02,2.405000e+01
-7.067408e-03,-5.455904e-02,2.410000e+01
-4.350907e-03,-5.557141e-02,2.415000e+01
-1.661220e-03,-5.656002e-02,2.420000e+01
1.000717e-03,-5.752514e-02,2.425000e+01
3.634641e-03,-5.846712e-02,2.430000e+01
6.240531e-03,-5.938616e-02,2.435000e+01
8.818354e-03,-6.028245e-02,2.440000e+01
1.136806e-02,-6.115617e-02,2.445000e+01
1.388960e-02,-6.200751e-02,2.450000e+01
1.638288e-02,-6.283661e-02,2.455000e+01
1.884782e-02,-6.364364e-02,2.460000e+01
2.128432e-02,-6.442872e-02,2.465000e+01
2.369225e-02,-6.519200e-02,2.470000e+01
2.607149e-02,-6.593357e-02,2.475000e+01
2.842189e-02,-6.665356e-02,2.480000e+01
3.074328e-02,-6.735205e-02,2.485000e+01
3.303550e-02,-6.802912e-02,2.490000e+01
3.529835e-02,-6.868485e-02,2.495000e+01
3.753164e-02,-6.931930e-02,2.500000e+01
3.973514e-02,-6.993251e-02,2.505000e+01
4.190862e-02,-7.052453e-02,2.510000e+01
4.405185e-02,-7.109538e-02,2.515000e+01
4.616455e-02,-7.164508e-02,2.520000e+01
4.824647e-02,-7.217362e-02,2.525000e+01
5.029730e-02,-7.268101e-02,2.530000e+01
5.231675e-02,-7.316722e-02,2.535000e+01
5.430451e-02,-7.363223e-02,2.540000e+01
5.626024e-02,-7.407599e-02,2.545000e+01
5.818360e-02,-7.449846e-02,2.550000e+01
6.007423e-02,-7.489956e-02,2.555000e+01
6.193176e-02,-7.527923e-02,2.560000e+01
6.375580e-02,-7.563738e-02,2.565000e+01
6.554611e-02,-7.597413e-02,2.570000e+01
6.730305e-02,-7.629025e-02,2.575000e+01
6.902681e-02,-7.658600e-02,2.580000e+01
7.071755e-02,-7.686162e-02,2.585000e+01
7.237540e-02,-7.711730e-02,2.590000e+01
7.400051e-02,-7.735326e-02,2.595000e+01
7.559298e-02,-7.756971e-02,2.600000e+01
7.715291e-02,-7.776683e-02,2.605000e+01
7.868040e-02,-7.794481e-02,2.610000e+01
8.017552e-02,-7.810385e-02,2.615000e+01
8.163832e-02,-7.824412e-02,2.620000e+01
8.306886e-02,-7.836578e-02,2.625000e+01
8.446715e-02,-7.846900e-02,2.630000e+01
8.583323e-02,-7.855394e-02,2.635000e+01
8.716708e-02,-7.862076e-02,2.640000e+01
8.846871e-02,-7.866958e-02,2.645000e+01
8.973808e-02,-7.870057e-02,2.650000e+01
9.097515e-02,-7.871384e-02,2.655000e+01
9.217988e-02,-7.870952e-02,2.660000e+01
9.335219e-02,-7.868774e-02,2.665000e+01
9.449201e-02,-7.864861e-02,2.670000e+01
9.559923e-02,-7.859223e-02,2.675000e+01
9.667376e-02,-7.851871e-02,2.680000e+01
9.771546e-02,-7.842814e-02,2.685000e+01
9.872419e-02,-7.832061e-02,2.690000e+01
9.969979e-02,-7.819628e-02,2.695000e+01
1.006424e-01,-7.805546e-02,2.700000e+01
1.015524e-01,-7.789844e-02,2.705000e+01
1.024302e-01,-7.772549e-02,2.710000e+01
1.032761e-01,-7.753688e-02,2.715000e+01
1.040904e-01,-7.733288e-02,2.720000e+01
1.048734e-01,-7.711374e-02,2.725000e+01
1.056255e-01,-7.687971e-02,2.730000e+01
1.063469e-01,-7.663103e-02,2.735000e+01
1.070378e-01,-7.636794e-02,2.740000e+01
1.076985e-01,-7.609066e-02,2.745000e+01
1.083293e-01,-7.579942e-02,2.750000e+01
1.089302e-01,-7.549443e-02,2.755000e+01
1.095016e-01,-7.517589e-02,2.760000e+01
1.100435e-01,-7.484401e-02,2.765000e+01
1.105561e-01,-7.449898e-02,2.770000e+01
1.110396e-01,-7.414098e-02,2.775000e+01
1.114941e-01,-7.377020e-02,2.780000e+01
1.119197e-01,-7.338680e-02,2.785000e+01
1.123164e-01,-7.299095e-02,2.790000e+01
1.126843e-01,-7.258281e-02,2.795000e+01
1.130234e-01,-7.216253e-02,2.800000e+01
1.133339e-01,-7.173025e-02,2.805000e+01
1.136157e-01,-7.128611e-02,2.810000e+01
1.138687e-01,-7.083024e-02,2.815000e+01
1.140931e-01,-7.036276e-02,2.820000e+01
1.142886e-01,-6.988381e-02,2.825000e+01
1.144559e-01,-6.939381e-02,2.830000e+01
1.145956e-01,-6.889315e-02,2.835000e+01
1.147079e-01,-6.838207e-02,2.840000e+01
1.147934e-01,-6.786083e-02,2.845000e+01
1.148524e-01,-6.732967e-02,2.850000e+01
1.148852e-01,-6.678882e-02,2.855000e+01
1.148921e-01,-6.623852e-02,2.860000e+01
1.148736e-01,-6.567900e-02,2.865000e+01
1.148300e-01,-6.511049e-02,2.870000e+01
1.147615e-01,-6.453321e-02,2.875000e+01
1.146684e-01,-6.394739e-02,2.880000e+01
1.145511e-01,-6.335323e-02,2.885000e+01
1.144097e-01,-6.275096e-02,2.890000e+01
1.142447e-01,-6.214078e-02,2.895000e+01
1.140561e-01,-6.152290e-02,2.900000e+01
1.138442e-01,-6.089751e-02,2.905000e+01
1.136093e-01,-6.026481e-02,2.910000e+01
1.133516e-01,-5.962501e-02,2.915000e+01
1.130712e-01,-5.897829e-02,2.920000e+01
1.127684e-01,-5.832483e-02,2.925000e+01
1.124432e-01,-5.766481e-02,2.930000e+01
1.120959e-01,-5.699843e-02,2.935000e+01
1.117266e-01,-5.632585e-02,2.940000e+01
1.113354e-01,-5.564727e-02,2.945000e+01
1.109231e-01,-5.496302e-02,2.950000e+01
1.104901e-01,-5.427334e-02,2.955000e+01
1.100366e-01,-5.357843e-02,2.960000e+01
1.095630e-01,-5.287851e-02,2.965000e+01
1.090698e-01,-5.217379e-02,2.970000e+01
1.085573e-01,-5.146448e-02,2.975000e+01
1.080258e-01,-5.075077e-02,2.980000e+01
1.074756e-01,-5.003288e-02,2.985000e+01
1.069071e-01,-4.931099e-02,2.990000e+01
1.063205e-01,-4.858533e-02,2.995000e+01
1.057163e-01,-4.785607e-02,3.000000e+01
1.050946e-01,-4.712342e-02,3.005000e+01
1.044558e-01,-4.638757e-02,3.010000e+01
1.038002e-01,-4.564872e-02,3.015000e+01
1.031280e-01,-4.490705e-02,3.020000e+01
1.024395e-01,-4.416275e-02,3.025000e+01
1.017350e-01,-4.341601e-02,3.030000e+01
1.010148e-01,-4.266702e-02,3.035000e+01
1.002790e-01,-4.191596e-02,3.040000e+01
9.952792e-02,-4.116302e-02,3.045000e+01
9.876187e-02,-4.040842e-02,3.050000e+01
9.798125e-02,-3.965235e-02,3.055000e+01
9.718644e-02,-3.889497e-02,3.060000e+01
9.637783e-02,-3.813648e-02,3.065000e+01
9.555578e-02,-3.737706e-02,3.070000e+01
9.472067e-02,-3.661687e-02,3.075000e+01
9.387285e-02,-3.585609e-02,3.080000e+01
9.301267e-02,-3.509490e-02,3.085000e+01
9.214046e-02,-3.433346e-02,3.090000e+01
9.125657e-02,-3.357195e-02,3.095000e+01
9.036131e-02,-3.281054e-02,3.100000e+01
8.945499e-02,-3.204939e-02,3.105000e+01
8.853794e-02,-3.128866e-02,3.110000e+01
8.761044e-02,-3.052853e-02,3.115000e+01
8.667279e-02,-2.976916e-02,3.120000e+01
8.572527e-02,-2.901070e-02,3.125000e+01
8.476815e-02,-2.825331e-02,3.130000e+01
8.380171e-02,-2.749717e-02,3.135000e+01
8.282619e-02,-2.674241e-02,3.140000e+01
8.184186e-02,-2.598919e-02,3.145000e+01
8.084895e-02,-2.523768e-02,3.150000e+01
7.984769e-02,-2.448802e-02,3.155000e+01
7.883833e-02,-2.374036e-02,3.160000e+01
7.782120e-02,-2.299491e-02,3.165000e+01
7.679671e-02,-2.225185e-02,3.170000e+01
7.576520e-02,-2.151128e-02,3.175000e+01
7.472700e-02,-2.077333e-02,3.180000e+01
7.368246e-02,-2.003812e-02,3.185000e+01
7.263190e-02,-1.930577e-02,3.190000e+01
7.157563e-02,-1.857640e-02,3.195000e+01
7.051399e-02,-1.785014e-02,3.200000e+01
6.944727e-02,-1.712710e-02,3.205000e+01
6.837579e-02,-1.640740e-02,3.210000e+01
6.729983e-02,-1.569116e-02,3.215000e+01
6.621969e-02,-1.497850e-02,3.220000e+01
6.513566e-02,-1.426955e-02,3.225000e+01
6.404802e-02,-1.356442e-02,3.230000e+01
6.295704e-02,-1.286323e-02,3.235000e+01
6.186299e-02,-1.216610e-02,3.240000e+01
6.076613e-02,-1.147315e-02,3.245000e+01
5.966672e-02,-1.078450e-02,3.250000e+01
5.856501e-02,-1.010027e-02,3.255000e+01
5.746124e-02,-9.420568e-03,3.260000e+01
5.635565e-02,-8.745523e-03,3.265000e+01
5.524847e-02,-8.075251e-03,3.270000e+01
5.413994e-02,-7.409869e-03,3.275000e+01
5.303027e-02,-6.749495e-03,3.280000e+01
5.191967e-02,-6.094247e-03,3.285000e+01
5.080836e-02,-5.444242e-03,3.290000e+01
4.969670e-02,-4.799659e-03,3.295000e+01
4.858510e-02,-4.160627e-03,3.300000e+01
4.747378e-02,-3.527185e-03,3.305000e+01
4.636299e-02,-2.899375e-03,3.310000e+01
4.525296e-02,-2.277239e-03,3.315000e+01
4.414392e-02,-1.660821e-03,3.320000e+01
4.303610e-02,-1.050168e-03,3.325000e+01
4.192972e-02,-4.453291e-04,3.330000e+01
4.082502e-02,1.536467e-04,3.335000e+01
3.972221e-02,7.467065e-04,3.340000e+01
3.862152e-02,1.333796e-03,3.345000e+01
3.752316e-02,1.914860e-03,3.350000e+01
3.642735e-02,2.489840e-03,3.355000e+01
3.533431e-02,3.058676e-03,3.360000e+01
3.424424e-02,3.621306e-03,3.365000e+01
3.315736e-02,4.177668e-03,3.370000e+01
3.207388e-02,4.727694e-03,3.375000e+01
3.099399e-02,5.271318e-03,3.380000e+01
2.991792e-02,5.808470e-03,3.385000e+01
2.884585e-02,6.339079e-03,3.390000e+01
2.777800e-02,6.863071e-03,3.395000e+01
2.671455e-02,7.380372e-03,3.400000e+01
2.565570e-02,7.890905e-03,3.405000e+01
2.460165e-02,8.394589e-03,3.410000e+01
2.355258e-02,8.891346e-03,3.415000e+01
2.250870e-02,9.381091e-03,3.420000e+01
2.147018e-02,9.863741e-03,3.425000e+01
2.043721e-02,1.033921e-02,3.430000e+01
1.940997e-02,1.080740e-02,3.435000e+01
1.838874e-02,1.126830e-02,3.440000e+01
1.737377e-02,1.172195e-02,3.445000e+01
1.636519e-02,1.216838e-02,3.450000e+01
1.536310e-02,1.260760e-02,3.455000e+01
1.436764e-02,1.303959e-02,3.460000e+01
1.337891e-02,1.346438e-02,3.465000e+01
1.239703e-02,1.388197e-02,3.470000e+01
1.142212e-02,1.429234e-02,3.475000e+01
1.045431e-02,1.469550e-02,3.480000e+01
9.493726e-03,1.509145e-02,3.485000e+01
8.540483e-03,1.548018e-02,3.490000e+01
7.594714e-03,1.586169e-02,3.495000e+01
6.656547e-03,1.623595e-02,3.500000e+01
5.726112e-03,1.660297e-02,3.505000e+01
4.803542e-03,1.696273e-02,3.510000e+01
3.888971e-03,1.731522e-02,3.515000e+01
2.982532e-03,1.766041e-02,3.520000e+01
2.084364e-03,1.799828e-02,3.525000e+01
1.194605e-03,1.832883e-02,3.530000e+01
3.133945e-04,1.865202e-02,3.535000e+01
-5.591255e-04,1.896782e-02,3.540000e+01
-1.422812e-03,1.927623e-02,3.545000e+01
-2.277519e-03,1.957719e-02,3.550000e+01
-3.123102e-03,1.987070e-02,3.555000e+01
-3.959412e-03,2.015670e-02,3.560000e+01
-4.786286e-03,2.043518e-02,3.565000e+01
-5.603572e-03,2.070620e-02,3.570000e+01
-6.411247e-03,2.096980e-02,3.575000e+01
-7.209293e-03,2.122604e-02,3.580000e+01
-7.997690e-03,2.147497e-02,3.585000e+01
-8.776412e-03,2.171662e-02,3.590000e+01
-9.545431e-03,2.195104e-02,3.595000e+01
-1.030472e-02,2.217828e-02,3.600000e+01
-1.105423e-02,2.239837e-02,3.605000e+01
-1.179393e-02,2.261135e-02,3.610000e+01
-1.252378e-02,2.281726e-02,3.615000e+01
-1.324373e-02,2.301612e-02,3.620000e+01
-1.395373e-02,2.320796e-02,3.625000e+01
-1.465373e-02,2.339282e-02,3.630000e+01
-1.534366e-02,2.357071e-02,3.635000e+01
-1.602347e-02,2.374167e-02,3.640000e+01
-1.669309e-02,2.390570e-02,3.645000e+01
-1.735245e-02,2.406284e-02,3.650000e+01
-1.800148e-02,2.421310e-02,3.655000e+01
-1.864010e-02,2.435649e-02,3.660000e+01
-1.926823e-02,2.449302e-02,3.665000e+01
-1.988579e-02,2.462270e-02,3.670000e+01
-2.049270e-02,2.474555e-02,3.675000e+01
-2.108885e-02,2.486156e-02,3.680000e+01
-2.167416e-02,2.497074e-02,3.685000e+01
-2.224853e-02,2.507310e-02,3.690000e+01
-2.281190e-02,2.516872e-02,3.695000e+01
-2.336432e-02,2.525769e-02,3.700000e+01
-2.390586e-02,2.534009e-02,3.705000e+01
-2.443656e-02,2.541599e-02,3.710000e+01
-2.495649e-02,2.548546e-02,3.715000e+01
-2.546567e-02,2.554858e-02,3.720000e+01
-2.596415e-02,2.560540e-02,3.725000e+01
-2.645197e-02,2.565600e-02,3.730000e+01
-2.692916e-02,2.570044e-02,3.735000e+01
-2.739574e-02,2.573877e-02,3.740000e+01
-2.785173e-02,2.577105e-02,3.745000e+01
-2.829715e-02,2.579735e-02,3.750000e+01
-2.873201e-02,2.581771e-02,3.755000e+01
-2.915632e-02,2.583219e-02,3.760000e+01
-2.957008e-02,2.584084e-02,3.765000e+01
-2.997328e-02,2.584370e-02,3.770000e+01
-3.036593e-02,2.584083e-02,3.775000e+01
-3.074800e-02,2.583226e-02,3.780000e+01
-3.111948e-02,2.581803e-02,3.785000e+01
-3.148036e-02,2.579820e-02,3.790000e+01
-3.183059e-02,2.577278e-02,3.795000e+01
-3.217016e-02,2.574182e-02,3.800000e+01
-3.249902e-02,2.570536e-02,3.805000e+01
-3.281714e-02,2.566342e-02,3.810000e+01
-3.312447e-02,2.561603e-02,3.815000e+01
-3.342098e-02,2.556328e-02,3.820000e+01
-3.370679e-02,2.550527e-02,3.825000e+01
-3.398202e-02,2.544210e-02,3.830000e+01
-3.424678e-02,2.537386e-02,3.835000e+01
-3.450120e-02,2.530062e-02,3.840000e+01
-3.474537e-02,2.522249e-02,3.845000e+01
-3.497941e-02,2.513953e-02,3.850000e+01
-3.520341e-02,2.505185e-02,3.855000e+01
-3.541745e-02,2.495950e-02,3.860000e+01
-3.562163e-02,2.486257e-02,3.865000e+01
-3.581603e-02,2.476114e-02,3.870000e+01
-3.600070e-02,2.465528e-02,3.875000e+01
-3.617574e-02,2.454505e-02,3.880000e+01
-3.634118e-02,2.443053e-02,3.885000e+01
-3.649710e-02,2.431177e-02,3.890000e+01
-3.664354e-02,2.418885e-02,3.895000e+01
-3.678055e-02,2.406183e-02,3.900000e+01
-3.690816e-02,2.393075e-02,3.905000e+01
-3.702640e-02,2.379568e-02,3.910000e+01
-3.713531e-02,2.365668e-02,3.915000e+01
-3.723491e-02,2.351379e-02,3.920000e+01
-3.732521e-02,2.336706e-02,3.925000e+01
-3.740622e-02,2.321655e-02,3.930000e+01
-3.747795e-02,2.306229e-02,3.935000e+01
-3.754039e-02,2.290432e-02,3.940000e+01
-3.759354e-02,2.274270e-02,3.945000e+01
-3.763741e-02,2.257747e-02,3.950000e+01
-3.767225e-02,2.240882e-02,3.955000e+01
-3.769821e-02,2.223682e-02,3.960000e+01
-3.771542e-02,2.206158e-02,3.965000e+01
-3.772400e-02,2.188316e-02,3.970000e+01
-3.772408e-02,2.170164e-02,3.975000e+01
-3.771576e-02,2.151711e-02,3.980000e+01
-3.769917e-02,2.132963e-02,3.985000e+01
-3.767441e-02,2.113929e-02,3.990000e+01
-3.764159e-02,2.094616e-02,3.995000e+01
-3.760080e-02,2.075030e-02,4.000000e+01
-3.755215e-02,2.055179e-02,4.005000e+01
-3.749572e-02,2.035071e-02,4.010000e+01
-3.743161e-02,2.014712e-02,4.015000e+01
-3.735989e-02,1.994108e-02,4.020000e+01
-3.728066e-02,1.973267e-02,4.025000e+01
-3.719398e-02,1.952195e-02,4.030000e+01
-3.709992e-02,1.930899e-02,4.035000e+01
-3.699856e-02,1.909385e-02,4.040000e+01
-3.688996e-02,1.887658e-02,4.045000e+01
-3.677418e-02,1.865726e-02,4.050000e+01
-3.665127e-02,1.843594e-02,4.055000e+01
-3.652128e-02,1.821268e-02,4.060000e+01
-3.638427e-02,1.798754e-02,4.065000e+01
-3.624039e-02,1.776062e-02,4.070000e+01
-3.608980e-02,1.753199e-02,4.075000e+01
-3.593263e-02,1.730173e-02,4.080000e+01
-3.576899e-02,1.706992e-02,4.085000e+01
-3.559901e-02,1.683661e-02,4.090000e+01
-3.542280e-02,1.660187e-02,4.095000e+01
-3.524048e-02,1.636578e-02,4.100000e+01
-3.505216e-02,1.612840e-02,4.105000e+01
-3.485795e-02,1.588979e-02,4.110000e+01
-3.465794e-02,1.565002e-02,4.115000e+01
-3.445226e-02,1.540915e-02,4.120000e+01
-3.424099e-02,1.516725e-02,4.125000e+01
-3.402423e-02,1.492438e-02,4.130000e+01
-3.380209e-02,1.468061e-02,4.135000e+01
-3.357465e-02,1.443599e-02,4.140000e+01
-3.334200e-02,1.419059e-02,4.145000e+01
-3.310423e-02,1.394447e-02,4.150000e+01
-3.286143e-02,1.369769e-02,4.155000e+01
-3.261367e-02,1.345031e-02,4.160000e+01
-3.236104e-02,1.320239e-02,4.165000e+01
-3.210362e-02,1.295399e-02,4.170000e+01
-3.184153e-02,1.270518e-02,4.175000e+01
-3.157490e-02,1.245603e-02,4.180000e+01
-3.130384e-02,1.220659e-02,4.185000e+01
-3.102850e-02,1.195691e-02,4.190000e+01
-3.074898e-02,1.170706e-02,4.195000e+01
-3.046540e-02,1.145708e-02,4.200000e+01
-3.017789e-02,1.120705e-02,4.205000e+01
-2.988656e-02,1.095700e-02,4.210000e+01
-2.959151e-02,1.070700e-02,4.215000e+01
-2.929286e-02,1.045710e-02,4.220000e+01
-2.899071e-02,1.020736e-02,4.225000e+01
-2.868516e-02,9.957824e-03,4.230000e+01
-2.837631e-02,9.708551e-03,4.235000e+01
-2.806427e-02,9.459592e-03,4.240000e+01
-2.774912e-02,9.211000e-03,4.245000e+01
-2.743096e-02,8.962826e-03,4.250000e+01
-2.710988e-02,8.715122e-03,4.255000e+01
-2.678596e-02,8.467938e-03,4.260000e+01
-2.645929e-02,8.221325e-03,4.265000e+01
-2.612995e-02,7.975333e-03,4.270000e+01
-2.579802e-02,7.730010e-03,4.275000e+01
-2.546358e-02,7.485407e-03,4.280000e+01
-2.512670e-02,7.241571e-03,4.285000e+01
-2.478750e-02,6.998572e-03,4.290000e+01
-2.444611e-02,6.756463e-03,4.295000e+01
-2.410263e-02,6.515279e-03,4.300000e+01
-2.375718e-02,6.275059e-03,4.305000e+01
-2.340987e-02,6.035841e-03,4.310000e+01
-2.306080e-02,5.797662e-03,4.315000e+01
-2.271007e-02,5.560560e-03,4.320000e+01
-2.235779e-02,5.324572e-03,4.325000e+01
-2.200405e-02,5.089736e-03,4.330000e+01
-2.164896e-02,4.856090e-03,4.335000e+01
-2.129261e-02,4.623672e-03,4.340000e+01
-2.093509e-02,4.392519e-03,4.345000e+01
-2.057650e-02,4.162668e-03,4.350000e+01
-2.021693e-02,3.934158e-03,4.355000e+01
-1.985646e-02,3.707025e-03,4.360000e+01
-1.949519e-02,3.481309e-03,4.365000e+01
-1.913319e-02,3.257045e-03,4.370000e+01
-1.877056e-02,3.034272e-03,4.375000e+01
-1.840737e-02,2.813028e-03,4.380000e+01
-1.804370e-02,2.593350e-03,4.385000e+01
-1.767963e-02,2.375276e-03,4.390000e+01
-1.731524e-02,2.158844e-03,4.395000e+01
-1.695059e-02,1.944090e-03,4.400000e+01
-1.658577e-02,1.731053e-03,4.405000e+01
-1.622084e-02,1.519770e-03,4.410000e+01
-1.585587e-02,1.310280e-03,4.415000e+01
-1.549096e-02,1.102630e-03,4.420000e+01
-1.512625e-02,8.968761e-04,4.425000e+01
-1.476183e-02,6.930302e-04,4.430000e+01
-1.439777e-02,4.911029e-04,4.435000e+01
-1.403414e-02,2.911052e-04,4.440000e+01
-1.367101e-02,9.304902e-05,4.445000e+01
-1.330846e-02,-1.030531e-04,4.450000e+01
-1.294656e-02,-2.971879e-04,4.455000e+01
-1.258537e-02,-4.893413e-04,4.460000e+01
-1.222497e-02,-6.794987e-04,4.465000e+01
-1.186543e-02,-8.676448e-04,4.470000e+01
-1.150681e-02,-1.053763e-03,4.475000e+01
-1.114919e-02,-1.237838e-03,4.480000e+01
-1.079263e-02,-1.419851e-03,4.485000e+01
-1.043720e-02,-1.599783e-03,4.490000e+01
-1.008296e-02,-1.777617e-03,4.495000e+01
-9.729991e-03,-1.953333e-03,4.500000e+01
-9.378347e-03,-2.126910e-03,4.505000e+01
-9.028097e-03,-2.298327e-03,4.510000e+01
-8.679304e-03,-2.467563e-03,4.515000e+01
-8.332034e-03,-2.634596e-03,4.520000e+01
-7.986350e-03,-2.799401e-03,4.525000e+01
-7.642314e-03,-2.961956e-03,4.530000e+01
-7.299990e-03,-3.122236e-03,4.535000e+01
-6.959439e-03,-3.280215e-03,4.540000e+01
-6.620722e-03,-3.435868e-03,4.545000e+01
-6.283901e-03,-3.589169e-03,4.550000e+01
-5.949035e-03,-3.740089e-03,4.555000e+01
-5.616185e-03,-3.888601e-03,4.560000e+01
-5.285412e-03,-4.034679e-03,4.565000e+01
-4.956809e-03,-4.178346e-03,4.570000e+01
-4.630428e-03,-4.319620e-03,4.575000e+01
-4.306302e-03,-4.458502e-03,4.580000e+01
-3.984469e-03,-4.594997e-03,4.585000e+01
-3.664964e-03,-4.729104e-03,4.590000e+01
-3.347824e-03,-4.860827e-03,4.595000e+01
-3.033085e-03,-4.990165e-03,4.600000e+01
-2.720787e-03,-5.117120e-03,4.605000e+01
-2.410967e-03,-5.241690e-03,4.610000e+01
-2.103665e-03,-5.363876e-03,4.615000e+01
-1.798919e-03,-5.483676e-03,4.620000e+01
-1.496769e-03,-5.601088e-03,4.625000e+01
-1.197257e-03,-5.716110e-03,4.630000e+01
-9.004225e-04,-5.828738e-03,4.635000e+01
-6.063079e-04,-5.938971e-03,4.640000e+01
-3.149553e-04,-6.046803e-03,4.645000e+01
-2.640718e-05,-6.152230e-03,4.650000e+01
2.592931e-04,-6.255247e-03,4.655000e+01
5.421019e-04,-6.355849e-03,4.660000e+01
8.219748e-04,-6.454029e-03,4.665000e+01
1.098867e-03,-6.549781e-03,4.670000e+01
1.372733e-03,-6.643098e-03,4.675000e+01
1.643527e-03,-6.733972e-03,4.680000e+01
1.911203e-03,-6.822394e-03,4.685000e+01
2.175707e-03,-6.908369e-03,4.690000e+01
2.437017e-03,-6.991917e-03,4.695000e+01
2.695129e-03,-7.073053e-03,4.700000e+01
2.950035e-03,-7.151792e-03,4.705000e+01
3.201728e-03,-7.228149e-03,4.710000e+01
3.450199e-03,-7.302139e-03,4.715000e+01
3.695439e-03,-7.373774e-03,4.720000e+01
3.937437e-03,-7.443067e-03,4.725000e+01
4.176179e-03,-7.510031e-03,4.730000e+01
4.411654e-03,-7.574678e-03,4.735000e+01
4.643847e-03,-7.637017e-03,4.740000e+01
4.872741e-03,-7.697059e-03,4.745000e+01
5.098321e-03,-7.754815e-03,4.750000e+01
5.320569e-03,-7.810292e-03,4.755000e+01
5.539466e-03,-7.863500e-03,4.760000e+01
5.754991e-03,-7.914446e-03,4.765000e+01
5.967123e-03,-7.963138e-03,4.770000e+01
6.175841e-03,-8.009581e-03,4.775000e+01
6.381121e-03,-8.053782e-03,4.780000e+01
6.582938e-03,-8.095745e-03,4.785000e+01
6.781266e-03,-8.135477e-03,4.790000e+01
6.976078e-03,-8.172979e-03,4.795000e+01
7.167347e-03,-8.208257e-03,4.800000e+01
7.355044e-03,-8.241313e-03,4.805000e+01
7.539136e-03,-8.272155e-03,4.810000e+01
7.719620e-03,-8.300813e-03,4.815000e+01
7.896514e-03,-8.327313e-03,4.820000e+01
8.069840e-03,-8.351678e-03,4.825000e+01
8.239615e-03,-8.373934e-03,4.830000e+01
8.405854e-03,-8.394103e-03,4.835000e+01
8.568573e-03,-8.412207e-03,4.840000e+01
8.727785e-03,-8.428269e-03,4.845000e+01
8.883501e-03,-8.442311e-03,4.850000e+01
9.035730e-03,-8.454351e-03,4.855000e+01
9.184482e-03,-8.464411e-03,4.860000e+01
9.329763e-03,-8.472508e-03,4.865000e+01
9.471578e-03,-8.478663e-03,4.870000e+01
9.609931e-03,-8.482891e-03,4.875000e+01
9.744824e-03,-8.485211e-03,4.880000e+01
9.876258e-03,-8.485638e-03,4.885000e+01
1.000423e-02,-8.484188e-03,4.890000e+01
1.012874e-02,-8.480875e-03,4.895000e+01
1.024978e-02,-8.475715e-03,4.900000e+01
1.036735e-02,-8.468721e-03,4.905000e+01
1.048144e-02,-8.459904e-03,4.910000e+01
1.059204e-02,-8.449278e-03,4.915000e+01
1.069914e-02,-8.436854e-03,4.920000e+01
1.080273e-02,-8.422642e-03,4.925000e+01
1.090279e-02,-8.406652e-03,4.930000e+01
1.099934e-02,-8.388913e-03,4.935000e+01
1.109248e-02,-8.369479e-03,4.940000e+01
1.118221e-02,-8.348375e-03,4.945000e+01
1.126856e-02,-8.325621e-03,4.950000e+01
1.135153e-02,-8.301240e-03,4.955000e+01
1.143116e-02,-8.275253e-03,4.960000e+01
1.150745e-02,-8.247683e-03,4.965000e+01
1.158043e-02,-8.218552e-03,4.970000e+01
1.165010e-02,-8.187880e-03,4.975000e+01
1.171648e-02,-8.155691e-03,4.980000e+01
1.177960e-02,-8.122005e-03,4.985000e+01
1.183945e-02,-8.086844e-03,4.990000e+01
1.189607e-02,-8.050232e-03,4.995000e+01
