tticks,x1ticks,x2ticks,x3ticks,uticks
0.000000e+00,8.333904e-02,-2.084764e-01,3.590931e-02,-5.000528e+00
1.000000e-02,3.707140e-01,-5.986335e-02,-1.144740e-01,-5.096397e+00
2.000000e-02,7.756126e-02,-1.614939e-02,-9.111768e-02,-5.064934e+00
3.000000e-02,3.343232e-01,3.160481e-02,5.931131e-02,-5.305092e+00
4.000000e-02,5.254683e-01,-3.117632e-02,-1.146069e-01,-5.202988e+00
5.000000e-02,2.838994e-01,7.112996e-02,-1.407359e-01,-5.248994e+00
6.000000e-02,3.494063e-01,4.452704e-02,-2.192906e-01,-5.250655e+00
7.000000e-02,3.682097e-01,2.162778e-01,-3.634386e-01,-4.987461e+00
8.000000e-02,2.636398e-01,-1.048920e-01,-3.058499e-01,-4.950038e+00
9.000000e-02,3.834167e-01,2.437674e-02,-3.441385e-01,-5.041049e+00
1.000000e-01,2.641195e-01,-1.222653e-02,-2.715439e-01,-5.096755e+00
1.100000e-01,3.896985e-01,1.509902e-01,-2.830427e-01,-4.861412e+00
1.200000e-01,2.022910e-01,7.802401e-02,-3.354845e-01,-4.749570e+00
1.300000e-01,3.093790e-01,1.045667e-01,-2.616225e-01,-4.826171e+00
1.400000e-01,2.735149e-01,1.217372e-02,-3.857879e-01,-4.941718e+00
1.500000e-01,2.249642e-01,1.138397e-01,-3.427929e-01,-4.866135e+00
1.600000e-01,3.118749e-01,1.740543e-01,-4.671571e-01,-4.711457e+00
1.700000e-01,1.558621e-01,-4.877688e-02,-4.917779e-01,-4.735154e+00
1.800000e-01,1.394484e-01,-7.107580e-02,-4.350572e-01,-4.597494e+00
1.900000e-01,1.582846e-01,2.478136e-02,-3.345089e-01,-4.756375e+00
2.000000e-01,2.234449e-01,-5.266270e-02,-4.079209e-01,-4.462010e+00
2.100000e-01,3.881938e-01,1.376003e-01,-4.071072e-01,-4.601353e+00
2.200000e-01,3.090566e-01,-1.472416e-02,-5.166350e-01,-4.600211e+00
2.300000e-01,4.289864e-01,-9.950084e-02,-5.223789e-01,-4.602745e+00
2.400000e-01,4.029988e-01,1.702131e-02,-4.035961e-01,-4.355559e+00
2.500000e-01,2.562564e-01,-7.170699e-02,-4.229406e-01,-4.430412e+00
2.600000e-01,1.683467e-01,-1.415895e-01,-6.059880e-01,-4.379692e+00
2.700000e-01,3.072348e-01,4.228677e-02,-6.286886e-01,-4.345350e+00
2.800000e-01,2.696972e-01,-5.604399e-02,-3.818234e-01,-4.366850e+00
2.900000e-01,4.268832e-01,3.593579e-02,-4.903309e-01,-4.288922e+00
3.000000e-01,2.310756e-01,1.128623e-01,-5.072515e-01,-4.185190e+00
3.100000e-01,4.623422e-01,-1.111010e-02,-4.564469e-01,-3.911534e+00
3.200000e-01,3.297356e-01,-7.240744e-02,-5.076922e-01,-4.121389e+00
3.300000e-01,3.506481e-01,2.183908e-02,-4.778853e-01,-3.959176e+00
3.400000e-01,2.325804e-01,7.450042e-02,-4.541250e-01,-4.088654e+00
3.500000e-01,2.023501e-01,2.569986e-02,-6.638933e-01,-3.862657e+00
3.600000e-01,2.861578e-01,-2.265889e-02,-5.017795e-01,-3.816012e+00
3.700000e-01,3.056917e-01,-2.807741e-02,-5.076306e-01,-3.789850e+00
3.800000e-01,1.572490e-01,-1.249933e-01,-4.637270e-01,-3.780194e+00
3.900000e-01,3.141363e-01,-3.937037e-02,-4.735079e-01,-3.956007e+00
4.000000e-01,2.259539e-01,-3.254286e-02,-6.279593e-01,-3.743974e+00
4.100000e-01,3.446577e-01,2.935041e-02,-4.897839e-01,-3.626213e+00
4.200000e-01,3.998272e-01,4.484231e-02,-6.019619e-01,-3.824042e+00
4.300000e-01,1.127630e-01,-1.436843e-02,-5.362182e-01,-3.642000e+00
4.400000e-01,2.289220e-01,-1.192477e-01,-4.887727e-01,-3.437598e+00
4.500000e-01,2.739829e-01,-1.792200e-01,-4.020897e-01,-3.511478e+00
4.600000e-01,7.551320e-02,-3.401505e-02,-4.492325e-01,-3.336994e+00
4.700000e-01,4.081277e-02,-6.689569e-02,-4.669140e-01,-3.464510e+00
4.800000e-01,1.304081e-01,-3.277814e-02,-6.335837e-01,-3.265154e+00
4.900000e-01,3.888104e-01,-2.857568e-01,-4.776486e-01,-3.331688e+00
5.000000e-01,4.606174e-01,9.472102e-03,-3.687894e-01,-3.238802e+00
5.100000e-01,2.344305e-01,-2.378128e-02,-6.947923e-01,-3.410084e+00
5.200000e-01,2.525043e-01,-6.619675e-02,-4.340254e-01,-3.373479e+00
5.300000e-01,3.148502e-01,-9.905843e-02,-7.230975e-01,-3.136648e+00
5.400000e-01,3.779194e-01,-2.116655e-03,-5.043256e-01,-3.181659e+00
5.500000e-01,3.838294e-01,-4.175280e-02,-4.306253e-01,-3.288969e+00
5.600000e-01,5.457930e-01,-1.375788e-01,-6.375204e-01,-3.112786e+00
5.700000e-01,3.418060e-01,-6.687747e-02,-3.873867e-01,-3.064436e+00
5.800000e-01,1.770380e-01,-1.656416e-01,-4.392905e-01,-3.076141e+00
5.900000e-01,5.249894e-01,-1.500300e-01,-3.599409e-01,-3.077517e+00
6.000000e-01,1.926068e-01,7.866159e-02,-4.032369e-01,-2.893225e+00
6.100000e-01,2.211416e-01,-2.630310e-01,-4.925438e-01,-2.844808e+00
6.200000e-01,3.815851e-01,-2.002360e-01,-4.113490e-01,-2.921998e+00
6.300000e-01,3.076314e-01,1.849693e-01,-4.418248e-01,-2.673167e+00
6.400000e-01,2.960922e-01,-7.242101e-02,-6.245028e-01,-2.818494e+00
6.500000e-01,2.890311e-01,-4.411777e-02,-3.976067e-01,-2.932458e+00
6.600000e-01,1.536353e-01,5.022493e-02,-3.934028e-01,-2.697161e+00
6.700000e-01,1.581839e-01,-2.813905e-01,-3.804490e-01,-2.583585e+00
6.800000e-01,1.181954e-01,8.707669e-02,-4.072573e-01,-2.820631e+00
6.900000e-01,3.605364e-01,1.537702e-02,-4.260022e-01,-2.409499e+00
7.000000e-01,1.944581e-01,-1.969493e-01,-6.784081e-01,-2.593133e+00
7.100000e-01,1.096403e-01,-1.210540e-01,-2.505264e-01,-2.613615e+00
7.200000e-01,3.298131e-01,-5.170358e-02,-4.933650e-01,-2.470667e+00
7.300000e-01,2.557997e-01,-1.834652e-01,-4.685199e-01,-2.521149e+00
7.400000e-01,1.499048e-01,-1.623424e-01,-3.086718e-01,-2.340839e+00
7.500000e-01,3.082560e-01,-1.516790e-01,-4.442091e-01,-2.272089e+00
7.600000e-01,3.221919e-01,-1.159683e-01,-4.830105e-01,-2.330661e+00
7.700000e-01,3.275470e-01,-1.675325e-01,-3.145058e-01,-2.344923e+00
7.800000e-01,2.151707e-01,-4.376227e-02,-3.995694e-01,-2.485130e+00
7.900000e-01,2.397396e-01,-9.556128e-02,-4.818943e-01,-2.362055e+00
8.000000e-01,2.308675e-01,3.195407e-02,-2.004927e-01,-2.254824e+00
8.100000e-01,2.894579e-01,-1.828088e-01,-3.915284e-01,-2.428608e+00
8.200000e-01,3.229809e-01,-1.168894e-02,-4.338571e-01,-2.306410e+00
8.300000e-01,4.351175e-01,-5.561782e-02,-4.874890e-01,-2.158745e+00
8.400000e-01,2.082285e-01,-4.623574e-02,-3.802923e-01,-2.270010e+00
8.500000e-01,2.057635e-01,-1.206533e-01,-1.880375e-01,-2.197511e+00
8.600000e-01,2.498547e-01,-1.207527e-01,-2.762326e-01,-2.064271e+00
8.700000e-01,3.825064e-01,-2.469036e-01,-4.375159e-01,-2.049899e+00
8.800000e-01,2.253959e-01,3.067139e-03,-3.507019e-01,-2.031863e+00
8.900000e-01,3.569314e-01,-1.341038e-01,-2.401802e-01,-1.774939e+00
9.000000e-01,1.893784e-01,-7.631277e-02,-1.662846e-01,-1.927702e+00
9.100000e-01,1.761790e-01,-4.215931e-02,-3.309180e-01,-2.038868e+00
9.200000e-01,4.419196e-01,-1.424072e-01,-3.956144e-01,-1.942633e+00
9.300000e-01,3.454667e-01,-1.014812e-01,-2.809129e-01,-1.808419e+00
9.400000e-01,3.150308e-01,-1.621873e-01,-4.188684e-01,-1.720985e+00
9.500000e-01,2.577229e-01,-2.177125e-03,-2.136076e-01,-1.811187e+00
9.600000e-01,1.958846e-01,-2.107426e-01,-3.922128e-01,-1.935642e+00
9.700000e-01,3.721855e-01,9.790427e-03,-3.560470e-01,-1.767864e+00
9.800000e-01,3.665819e-01,-1.671238e-02,-4.891349e-01,-1.758553e+00
9.900000e-01,7.605400e-02,2.621231e-02,-3.814129e-01,-1.742206e+00
1.000000e+00,1.358466e-01,-9.306875e-02,-2.566574e-01,-1.779823e+00
1.010000e+00,2.129815e-01,2.248520e-02,-1.589145e-01,-1.776332e+00
1.020000e+00,3.970015e-01,-1.284940e-01,-1.641674e-01,-1.725302e+00
1.030000e+00,2.864707e-01,-1.386712e-01,-4.327090e-01,-1.775688e+00
1.040000e+00,3.768966e-01,-1.656073e-01,-3.035323e-01,-1.637521e+00
1.050000e+00,1.871808e-01,-7.792069e-02,-2.652073e-01,-1.683526e+00
1.060000e+00,2.913736e-01,-1.651150e-01,-2.623329e-01,-1.527127e+00
1.070000e+00,1.802738e-01,-1.296986e-01,-2.357385e-01,-1.567894e+00
1.080000e+00,5.367240e-02,-1.493413e-01,-2.360541e-01,-1.602314e+00
1.090000e+00,2.707244e-01,-1.455000e-01,-3.028012e-01,-1.474604e+00
1.100000e+00,2.426079e-01,-3.370178e-01,-2.714346e-01,-1.504041e+00
1.110000e+00,1.612892e-01,-1.479631e-01,-3.135554e-01,-1.540290e+00
1.120000e+00,1.812237e-01,-2.953057e-01,-3.095730e-01,-1.649076e+00
1.130000e+00,1.570260e-01,-9.231060e-02,-1.447000e-01,-1.408770e+00
1.140000e+00,2.857709e-01,-5.057717e-02,-3.557438e-01,-1.538959e+00
1.150000e+00,1.283988e-01,-1.943078e-01,-2.679454e-01,-1.546061e+00
1.160000e+00,2.904197e-01,-5.537753e-02,-3.471314e-01,-1.492735e+00
1.170000e+00,2.008271e-01,-8.171700e-02,-1.615055e-01,-1.374030e+00
1.180000e+00,2.051252e-01,-1.232046e-01,-3.319802e-01,-1.454378e+00
1.190000e+00,1.398213e-01,5.123283e-02,-3.901184e-01,-1.565520e+00
1.200000e+00,1.425744e-01,-4.708769e-02,-3.465291e-01,-1.465819e+00
1.210000e+00,1.577195e-01,-1.272449e-01,-1.602003e-01,-1.504470e+00
1.220000e+00,1.318040e-01,-5.386311e-02,1.454762e-03,-1.437378e+00
1.230000e+00,1.518922e-01,-5.884490e-02,-2.671301e-01,-1.521910e+00
1.240000e+00,1.570917e-01,4.478215e-02,-1.243358e-01,-1.348003e+00
1.250000e+00,6.808766e-02,-2.624356e-01,-4.300063e-02,-1.405081e+00
1.260000e+00,4.428855e-02,-5.033920e-02,-8.022055e-02,-1.446221e+00
1.270000e+00,-9.529401e-02,-1.026371e-01,-3.796803e-02,-1.403401e+00
1.280000e+00,2.709365e-01,-2.131850e-01,-2.569434e-01,-1.205874e+00
1.290000e+00,1.176685e-01,-2.883566e-01,-9.057521e-02,-1.440264e+00
1.300000e+00,2.360185e-01,-2.113332e-01,-2.167002e-01,-1.260181e+00
1.310000e+00,1.732744e-01,-1.315323e-01,-3.384844e-01,-1.280106e+00
1.320000e+00,2.952626e-01,-8.080505e-02,-2.233551e-01,-1.404759e+00
1.330000e+00,2.482039e-01,-5.395784e-02,-1.500849e-01,-1.269962e+00
1.340000e+00,3.570115e-01,-1.527542e-01,1.141229e-04,-1.355248e+00
1.350000e+00,2.316606e-01,-1.438063e-01,-9.148705e-02,-1.168036e+00
1.360000e+00,2.605363e-01,-5.282017e-02,-1.539437e-01,-1.185569e+00
1.370000e+00,1.675633e-01,-3.685486e-02,-7.872668e-02,-1.241630e+00
1.380000e+00,1.127707e-01,6.065736e-04,-2.265782e-01,-1.318233e+00
1.390000e+00,3.062161e-02,-3.090446e-01,-3.042166e-01,-1.260834e+00
1.400000e+00,6.472826e-02,-2.395934e-01,-2.399478e-01,-1.248339e+00
1.410000e+00,3.767415e-01,-8.983953e-02,-2.878627e-01,-1.153808e+00
1.420000e+00,6.966008e-02,-1.292352e-02,-6.921181e-02,-1.053683e+00
1.430000e+00,2.495085e-01,-2.072115e-01,-1.791533e-01,-1.092531e+00
1.440000e+00,2.039579e-01,-1.462230e-01,-2.828234e-01,-1.203133e+00
1.450000e+00,2.649045e-01,-1.623794e-01,-1.827834e-01,-1.337271e+00
1.460000e+00,1.724183e-01,-1.230864e-01,-2.448783e-01,-1.213035e+00
1.470000e+00,1.662620e-01,-1.611948e-01,-1.900414e-01,-1.094773e+00
1.480000e+00,2.554834e-01,-3.971744e-02,-1.450911e-02,-1.226863e+00
1.490000e+00,1.596525e-01,-2.700367e-01,-6.144047e-03,-1.112093e+00
1.500000e+00,2.143431e-01,8.756874e-02,-2.280799e-01,-9.552510e-01
1.510000e+00,3.307215e-01,-2.504656e-01,-1.895241e-01,-9.310111e-01
1.520000e+00,2.498050e-01,-1.274830e-02,-1.081145e-01,-1.067126e+00
1.530000e+00,1.272870e-01,2.590227e-03,-1.375791e-01,-8.989804e-01
1.540000e+00,1.580120e-01,-1.293321e-01,-1.985921e-01,-1.010331e+00
1.550000e+00,3.261685e-01,-9.420029e-02,-4.376570e-02,-9.878709e-01
1.560000e+00,4.945402e-03,-1.565937e-01,-2.864598e-01,-9.946544e-01
1.570000e+00,2.141004e-01,-3.271132e-02,1.115603e-01,-1.091253e+00
1.580000e+00,3.358423e-01,-7.867845e-02,-1.774931e-01,-1.014076e+00
1.590000e+00,1.811981e-01,-8.713663e-02,-1.001786e-01,-9.737204e-01
1.600000e+00,1.988377e-01,-2.375936e-02,-2.095653e-01,-8.988448e-01
1.610000e+00,2.744764e-01,-1.177247e-01,-2.396693e-01,-1.266519e+00
1.620000e+00,4.075449e-01,1.141788e-02,-2.288521e-02,-1.086852e+00
1.630000e+00,2.712072e-01,-1.105593e-01,-1.311258e-01,-8.549358e-01
1.640000e+00,1.180328e-01,-3.836119e-02,-1.106084e-01,-9.206363e-01
1.650000e+00,1.741005e-01,-9.954112e-02,-1.198655e-01,-9.563523e-01
1.660000e+00,1.038725e-01,-5.519809e-02,-6.156871e-02,-9.182533e-01
1.670000e+00,1.724864e-01,-8.807480e-02,4.397282e-02,-8.446366e-01
1.680000e+00,-7.356213e-02,-4.679443e-02,-6.223247e-02,-1.050018e+00
1.690000e+00,6.866356e-02,-1.471224e-01,-5.883061e-02,-9.069810e-01
1.700000e+00,2.242200e-01,1.518385e-02,-2.517989e-03,-1.128843e+00
1.710000e+00,2.149987e-01,-1.378977e-01,-3.539665e-02,-9.202720e-01
1.720000e+00,3.306728e-02,-6.684298e-02,-2.391375e-01,-9.166621e-01
1.730000e+00,2.163352e-01,-2.166779e-01,-1.494265e-01,-7.931434e-01
1.740000e+00,1.841734e-01,3.548297e-02,-2.844231e-01,-9.855424e-01
1.750000e+00,2.675688e-01,-1.745128e-02,-6.265264e-02,-8.505149e-01
1.760000e+00,1.820491e-01,-1.315308e-01,7.050564e-02,-8.025274e-01
1.770000e+00,6.678144e-02,-1.896612e-01,3.932462e-02,-9.618891e-01
1.780000e+00,7.035926e-02,-1.382815e-01,-2.553712e-02,-8.532248e-01
1.790000e+00,3.529061e-02,-6.179064e-02,-2.103991e-01,-8.727383e-01
1.800000e+00,1.818919e-01,-5.656947e-02,-1.893096e-01,-8.882805e-01
1.810000e+00,2.416069e-01,-3.144530e-02,-9.660779e-02,-9.140630e-01
1.820000e+00,1.135151e-01,-1.535872e-01,-1.267764e-01,-9.238619e-01
1.830000e+00,1.227124e-01,-9.376294e-02,-2.582052e-02,-9.678765e-01
1.840000e+00,9.922918e-02,-1.141754e-01,1.979407e-02,-8.909126e-01
1.850000e+00,-6.692090e-02,-1.584887e-01,-1.358008e-01,-9.311392e-01
1.860000e+00,2.584392e-02,-1.270949e-02,-1.169201e-01,-8.363567e-01
1.870000e+00,1.095586e-01,-5.985688e-02,7.101560e-04,-6.688945e-01
1.880000e+00,1.829260e-01,-1.293262e-01,-5.896033e-02,-8.487321e-01
1.890000e+00,6.488216e-02,-1.347377e-01,-2.749922e-01,-7.156981e-01
1.900000e+00,2.691988e-02,-9.715526e-02,-1.872284e-01,-7.578706e-01
1.910000e+00,3.678416e-02,-1.633563e-01,-1.804077e-01,-6.654722e-01
1.920000e+00,2.261360e-01,-1.827255e-01,-2.368966e-01,-7.950712e-01
1.930000e+00,1.732710e-01,-9.984481e-02,-1.215820e-01,-7.983141e-01
1.940000e+00,1.589653e-01,-1.317462e-01,-8.943127e-02,-7.974958e-01
1.950000e+00,2.217295e-01,-1.209700e-01,3.766193e-02,-8.981549e-01
1.960000e+00,2.285179e-01,-4.657922e-02,-3.025710e-02,-5.672441e-01
1.970000e+00,7.929925e-02,8.460530e-02,1.623996e-02,-9.073231e-01
1.980000e+00,-3.133133e-02,-1.718900e-01,-1.745884e-01,-7.711976e-01
1.990000e+00,-5.727508e-03,9.731545e-02,-6.621058e-02,-7.896640e-01
2.000000e+00,2.292435e-01,-7.586608e-02,6.597578e-02,-7.399135e-01
2.010000e+00,1.853515e-01,-1.564718e-01,-1.615737e-01,-8.846974e-01
2.020000e+00,-1.976126e-03,-2.338934e-02,-2.867537e-02,-6.580708e-01
2.030000e+00,9.503664e-02,-4.862976e-02,3.213863e-02,-7.346321e-01
2.040000e+00,1.292225e-01,-1.415105e-01,-1.984210e-01,-7.476379e-01
2.050000e+00,1.465586e-01,-7.421235e-02,-4.487514e-02,-5.770346e-01
2.060000e+00,1.277748e-01,-2.297453e-01,-1.835833e-01,-6.462513e-01
2.070000e+00,4.992641e-02,-3.420127e-01,-1.396233e-01,-5.363899e-01
2.080000e+00,2.425250e-01,-5.500516e-02,-1.580138e-01,-5.714109e-01
2.090000e+00,8.133264e-02,-1.932654e-01,-1.408664e-01,-7.522032e-01
2.100000e+00,3.552905e-02,-2.098239e-02,-1.208192e-01,-7.177395e-01
2.110000e+00,-6.649513e-02,-2.369468e-02,-1.728936e-01,-5.621409e-01
2.120000e+00,1.228040e-03,1.830982e-02,-1.513155e-01,-7.233182e-01
2.130000e+00,4.036160e-01,-1.843374e-02,-3.767899e-02,-6.839049e-01
2.140000e+00,6.740899e-02,-5.425268e-03,7.996339e-02,-7.161042e-01
2.150000e+00,2.746635e-01,-1.098832e-01,-2.405339e-01,-6.243313e-01
2.160000e+00,7.341910e-02,1.424419e-01,-1.128670e-01,-5.534327e-01
2.170000e+00,2.268756e-01,-5.438896e-02,-5.081270e-02,-7.167824e-01
2.180000e+00,6.443359e-02,-4.074686e-02,-3.585792e-02,-7.010430e-01
2.190000e+00,5.196108e-02,5.170292e-02,1.165071e-02,-5.504870e-01
2.200000e+00,1.577194e-01,-1.841237e-01,-6.981154e-02,-4.698787e-01
2.210000e+00,1.374225e-01,2.238247e-01,-2.564723e-01,-5.407321e-01
2.220000e+00,1.901129e-01,-2.004838e-01,-1.484486e-02,-7.683683e-01
2.230000e+00,6.942964e-02,6.427638e-02,8.849202e-03,-6.330669e-01
2.240000e+00,1.749457e-01,5.557973e-02,-1.352487e-01,-5.899531e-01
2.250000e+00,4.835013e-02,-1.442842e-01,-1.114233e-01,-6.093336e-01
2.260000e+00,2.000202e-01,-2.742250e-01,-1.373040e-01,-6.647584e-01
2.270000e+00,1.831247e-01,-1.680139e-01,-9.482244e-02,-7.827257e-01
2.280000e+00,1.457053e-01,-6.018169e-02,-1.712865e-01,-4.817649e-01
2.290000e+00,9.548858e-03,-2.926828e-02,4.166066e-02,-4.916493e-01
2.300000e+00,-5.049468e-02,-4.372492e-02,-1.978109e-01,-5.208590e-01
2.310000e+00,5.373547e-02,-1.219475e-01,-1.140369e-01,-6.263801e-01
2.320000e+00,1.254308e-01,-8.026499e-02,5.695439e-02,-7.154978e-01
2.330000e+00,-4.140955e-02,1.049931e-01,-3.617312e-02,-5.211721e-01
2.340000e+00,1.628593e-01,-3.061707e-02,-1.102916e-01,-6.611640e-01
2.350000e+00,2.720572e-01,-9.423080e-02,-1.161535e-01,-5.945542e-01
2.360000e+00,6.303163e-02,-7.083294e-02,-3.421313e-02,-4.411855e-01
2.370000e+00,9.482964e-02,2.341344e-02,1.793499e-02,-4.656068e-01
2.380000e+00,5.719323e-03,-1.036171e-01,1.442419e-05,-5.903101e-01
2.390000e+00,1.020547e-01,1.223061e-02,1.024200e-01,-5.164439e-01
2.400000e+00,1.900511e-02,-1.513332e-01,-1.715008e-01,-6.150478e-01
2.410000e+00,2.098671e-01,-1.417001e-01,-8.805531e-02,-6.229170e-01
2.420000e+00,1.827919e-01,-1.502613e-01,-2.721444e-01,-5.600675e-01
2.430000e+00,1.283860e-01,-2.514070e-01,-2.803844e-02,-6.647442e-01
2.440000e+00,7.616853e-02,7.353702e-02,5.053426e-03,-3.430350e-01
2.450000e+00,2.667574e-01,5.497075e-02,-5.963343e-02,-4.773338e-01
2.460000e+00,-1.127912e-01,-1.370419e-01,-2.359371e-01,-5.998366e-01
2.470000e+00,1.375476e-01,-1.541870e-02,-2.729159e-01,-5.202092e-01
2.480000e+00,1.688021e-01,6.772651e-02,1.158855e-01,-4.194016e-01
2.490000e+00,1.055194e-01,-1.528602e-01,-1.905890e-01,-5.287939e-01
2.500000e+00,2.325493e-01,-1.647709e-01,2.848409e-02,-5.303993e-01
2.510000e+00,2.133539e-02,-1.079818e-01,-8.177910e-02,-4.256603e-01
2.520000e+00,1.050433e-01,3.147846e-02,-7.193984e-02,-3.518402e-01
2.530000e+00,2.348022e-01,-3.713352e-02,-1.246235e-01,-4.087002e-01
2.540000e+00,8.097978e-03,-8.136988e-02,-6.186593e-03,-4.781072e-01
2.550000e+00,2.230096e-01,4.516895e-02,-7.828532e-02,-4.347720e-01
2.560000e+00,-8.034068e-02,-1.742404e-01,-1.689115e-01,-4.816693e-01
2.570000e+00,7.282414e-02,-1.690633e-01,-9.281220e-02,-5.250134e-01
2.580000e+00,2.378885e-01,-6.193411e-02,-6.277514e-02,-5.422525e-01
2.590000e+00,1.494959e-01,-2.615422e-02,-7.380269e-02,-5.511736e-01
2.600000e+00,9.327968e-02,-3.167795e-02,-1.561124e-02,-5.536334e-01
2.610000e+00,1.189480e-01,-1.570870e-01,-1.941992e-02,-4.641456e-01
2.620000e+00,1.901392e-03,-1.032139e-01,-3.105304e-01,-6.204027e-01
2.630000e+00,-5.773996e-02,-8.737119e-02,-1.374819e-01,-4.707215e-01
2.640000e+00,-1.173706e-01,-4.259714e-02,-6.955917e-02,-6.056225e-01
2.650000e+00,1.512076e-01,-4.596402e-02,-1.027221e-02,-4.775472e-01
2.660000e+00,-1.020458e-01,-3.884323e-02,1.127377e-02,-5.391695e-01
2.670000e+00,1.289105e-01,-1.350535e-01,-2.776240e-03,-4.290203e-01
2.680000e+00,-9.222417e-02,-3.880088e-03,-9.433710e-02,-3.427743e-01
2.690000e+00,1.385325e-01,4.525007e-02,8.847108e-02,-6.045963e-01
2.700000e+00,1.151931e-01,-7.923942e-02,-1.363103e-01,-5.080019e-01
2.710000e+00,1.036753e-01,-9.343548e-02,-2.020527e-01,-5.045999e-01
2.720000e+00,4.836230e-02,-8.158242e-03,-1.194004e-02,-4.723568e-01
2.730000e+00,2.115586e-01,-1.409853e-01,4.238103e-02,-4.422810e-01
2.740000e+00,1.697229e-01,1.159217e-01,4.344407e-02,-5.124385e-01
2.750000e+00,-3.883258e-02,-1.363400e-01,-9.289056e-04,-4.418245e-01
2.760000e+00,3.208048e-02,-5.499599e-02,3.475164e-02,-3.135561e-01
2.770000e+00,1.251311e-01,-1.352235e-01,-3.648891e-02,-3.951883e-01
2.780000e+00,4.513079e-02,-1.014509e-01,1.047007e-01,-4.562322e-01
2.790000e+00,1.899476e-01,-7.178673e-02,8.383174e-02,-3.725413e-01
2.800000e+00,-4.400478e-02,4.638445e-02,-4.177039e-02,-3.454758e-01
2.810000e+00,1.338151e-01,-9.651741e-02,2.764673e-02,-5.743344e-01
2.820000e+00,1.532604e-01,-5.838177e-02,6.081126e-02,-4.109850e-01
2.830000e+00,1.147850e-01,-7.092387e-02,1.002148e-01,-1.916812e-01
2.840000e+00,1.044393e-01,6.550905e-02,-6.260982e-02,-3.814920e-01
2.850000e+00,-5.649736e-02,-2.552149e-01,7.681332e-02,-3.666477e-01
2.860000e+00,2.450230e-01,2.651189e-03,6.076467e-02,-2.234183e-01
2.870000e+00,6.409724e-02,-4.571562e-02,4.935655e-02,-4.984840e-01
2.880000e+00,-4.905345e-02,-1.989576e-01,7.225905e-02,-2.896520e-01
2.890000e+00,-2.193769e-02,-4.994989e-02,-5.810477e-02,-4.026787e-01
2.900000e+00,-6.806625e-02,-5.984834e-02,1.496367e-02,-3.441567e-01
2.910000e+00,-1.750266e-02,-5.491127e-02,6.249787e-02,-3.057255e-01
2.920000e+00,1.365753e-01,9.786916e-03,-9.041808e-02,-3.838181e-01
2.930000e+00,4.191786e-02,-5.004869e-02,-1.739124e-01,-4.237245e-01
2.940000e+00,9.348371e-02,1.783928e-02,2.042401e-02,-2.930210e-01
2.950000e+00,1.547438e-01,1.209953e-01,-2.497551e-02,-3.666492e-01
2.960000e+00,6.692115e-03,1.895289e-02,2.965969e-04,-3.406154e-01
2.970000e+00,1.486379e-01,-6.236788e-02,-4.564194e-02,-2.890019e-01
2.980000e+00,5.382590e-02,-1.207464e-01,-1.286157e-01,-2.557022e-01
2.990000e+00,4.226290e-02,1.345230e-01,4.669087e-03,-3.678599e-01
3.000000e+00,1.044356e-01,-8.752498e-02,5.007136e-02,-4.375888e-01
3.010000e+00,5.352830e-02,5.585766e-02,-1.371138e-02,-2.948968e-01
3.020000e+00,1.253542e-02,3.679738e-02,-6.386426e-02,-2.037192e-01
3.030000e+00,2.399677e-01,1.916400e-02,-4.624161e-02,-3.940641e-01
3.040000e+00,7.430909e-02,-9.141701e-03,-6.462280e-02,-2.794293e-01
3.050000e+00,7.116084e-02,-1.046966e-01,-1.795821e-01,-1.852711e-01
3.060000e+00,2.810182e-02,2.940279e-02,-1.461953e-02,-3.313317e-01
3.070000e+00,-7.889109e-02,-5.872885e-02,6.542429e-02,-2.883617e-01
3.080000e+00,1.927214e-01,-4.496754e-02,-3.458801e-02,-3.298343e-01
3.090000e+00,-2.917190e-02,-4.988597e-02,-9.656542e-02,-4.086891e-01
3.100000e+00,7.798607e-02,-9.161620e-02,2.649446e-02,-3.937293e-01
3.110000e+00,7.181996e-02,-1.651660e-01,8.146884e-02,-4.341620e-01
3.120000e+00,1.804939e-01,-8.762312e-02,6.373062e-03,-3.253657e-01
3.130000e+00,3.994446e-02,7.828813e-02,1.057492e-02,-1.257521e-01
3.140000e+00,-1.703840e-02,1.552287e-01,-1.629583e-02,-2.801720e-01
3.150000e+00,7.796876e-03,-4.890919e-02,-9.560049e-02,-1.382595e-01
3.160000e+00,7.761927e-02,1.868611e-02,-2.458974e-02,-3.884091e-01
3.170000e+00,4.438936e-02,-1.019631e-03,7.536408e-02,-3.461165e-01
3.180000e+00,-8.414387e-02,-2.094913e-01,-4.278606e-02,-1.203168e-01
3.190000e+00,1.659690e-01,-2.496880e-02,3.375315e-02,-4.272401e-01
3.200000e+00,1.424109e-02,-1.346948e-01,-4.261887e-02,-4.193369e-01
3.210000e+00,3.139233e-01,-2.023955e-01,2.276837e-02,-8.693153e-02
3.220000e+00,5.977856e-02,-1.130786e-01,-9.791223e-02,-1.857885e-01
3.230000e+00,3.539987e-02,1.254438e-01,-1.546769e-01,-2.583933e-01
3.240000e+00,6.898914e-02,-3.329444e-02,-2.788841e-01,-2.732355e-01
3.250000e+00,8.212383e-02,-1.495850e-01,3.815016e-02,-1.657488e-01
3.260000e+00,1.143350e-01,2.973844e-02,-7.332149e-05,-2.100215e-01
3.270000e+00,3.218444e-01,7.557713e-03,3.834773e-02,-1.975616e-01
3.280000e+00,-1.355538e-01,-7.229321e-02,2.294634e-02,-1.269064e-01
3.290000e+00,-4.289411e-02,1.485093e-02,-2.116379e-01,-1.397141e-01
3.300000e+00,-1.048116e-02,-6.925439e-02,-2.325569e-02,-2.421297e-01
3.310000e+00,8.831530e-02,-1.680179e-01,1.601759e-01,-3.988323e-01
3.320000e+00,1.954620e-02,-1.660889e-01,6.004096e-02,-1.246912e-01
3.330000e+00,1.129512e-01,-5.370248e-02,-4.782948e-02,-3.597174e-01
3.340000e+00,-8.273336e-02,-1.356218e-01,-7.928779e-02,-5.067473e-01
3.350000e+00,1.714029e-01,-9.194835e-02,-6.872061e-02,-2.172755e-01
3.360000e+00,8.201164e-02,-3.397498e-02,-6.104739e-03,-2.382895e-01
3.370000e+00,8.811250e-02,-2.454477e-02,-1.311064e-02,-3.099400e-01
3.380000e+00,-6.825762e-02,-1.953251e-01,-1.208338e-01,-2.341011e-01
3.390000e+00,-5.188897e-03,-7.204649e-03,-7.655256e-02,-1.084328e-01
3.400000e+00,7.038925e-02,-4.758597e-02,-5.914672e-02,-2.104256e-01
3.410000e+00,-2.296057e-02,2.639130e-02,7.906781e-02,-2.716357e-01
3.420000e+00,1.347762e-01,4.774906e-02,7.145788e-02,-2.304015e-01
3.430000e+00,-1.070558e-02,-1.692182e-01,1.920873e-04,-4.047720e-01
3.440000e+00,-2.640727e-02,2.618416e-02,-1.558999e-01,-3.857845e-01
3.450000e+00,9.880918e-02,-2.129754e-02,-5.537800e-03,-3.418419e-01
3.460000e+00,-3.784930e-02,9.329111e-02,4.904304e-02,-3.474019e-01
3.470000e+00,1.483250e-01,-1.773822e-02,-4.835262e-02,-1.028856e-02
3.480000e+00,-1.003992e-01,-1.102178e-01,-1.595035e-01,-1.720219e-01
3.490000e+00,-2.264352e-02,-2.407402e-01,-1.051162e-01,-1.283870e-01
3.500000e+00,2.537020e-01,-1.377678e-01,4.994332e-02,-2.542473e-01
3.510000e+00,-3.502593e-02,-1.564309e-01,-3.493595e-02,-2.966247e-01
3.520000e+00,2.896971e-03,-1.993705e-02,1.049240e-02,-1.418716e-01
3.530000e+00,7.697733e-02,-1.698464e-01,3.552222e-03,-1.787863e-01
3.540000e+00,8.445945e-02,-1.748390e-01,4.785180e-02,-2.603145e-01
3.550000e+00,3.413547e-01,-2.053013e-02,6.860014e-02,-3.953510e-01
3.560000e+00,1.881259e-01,1.561119e-01,1.726445e-02,-5.430645e-03
3.570000e+00,-2.891837e-03,-1.210320e-01,2.865993e-02,-1.044413e-02
3.580000e+00,1.139018e-01,-1.936764e-01,1.029367e-02,-3.177418e-01
3.590000e+00,1.892646e-01,-2.658381e-01,-1.406671e-01,-8.415896e-02
3.600000e+00,4.186439e-02,-1.221653e-01,6.677697e-02,-2.366674e-01
3.610000e+00,-1.963464e-01,2.073747e-02,7.902629e-02,-2.673941e-01
3.620000e+00,1.541673e-02,-5.046912e-02,7.384858e-03,-3.075707e-01
3.630000e+00,-8.411611e-02,-3.076858e-02,-4.927136e-02,-2.477690e-01
3.640000e+00,1.039371e-01,3.508374e-02,-8.186859e-02,-1.837042e-01
3.650000e+00,3.429640e-02,1.139127e-01,-1.813286e-01,-3.421367e-01
3.660000e+00,1.497144e-01,-2.250602e-01,-2.168027e-02,-1.855121e-01
3.670000e+00,-5.697806e-02,-7.517258e-02,3.627956e-02,-3.489669e-01
3.680000e+00,1.595183e-01,-1.049219e-01,7.180291e-02,-2.108489e-01
3.690000e+00,-7.236355e-02,-9.964736e-02,-3.656937e-02,-2.877747e-01
3.700000e+00,1.948383e-01,-2.888248e-01,-7.206343e-02,-6.493213e-02
3.710000e+00,6.119195e-02,-1.618416e-01,1.484409e-01,-2.590951e-01
3.720000e+00,1.622260e-01,8.907706e-02,1.477674e-01,-2.097787e-01
3.730000e+00,-1.001209e-01,3.786915e-02,2.160037e-01,-1.429217e-01
3.740000e+00,1.286436e-01,-2.151659e-02,-1.167141e-01,-2.048750e-01
3.750000e+00,-1.743484e-02,4.091561e-02,-1.511741e-01,-2.402837e-01
3.760000e+00,-1.121779e-01,-1.674774e-01,-6.332174e-03,-3.576019e-01
3.770000e+00,1.675850e-01,-4.561851e-02,1.650765e-02,-2.188921e-01
3.780000e+00,8.216807e-02,-6.708334e-02,4.629871e-02,-6.386802e-02
3.790000e+00,2.499114e-02,4.531037e-02,-7.118941e-02,-1.345817e-01
3.800000e+00,6.331482e-02,1.187131e-01,-4.169608e-02,-2.909099e-01
3.810000e+00,-8.212611e-03,-1.166269e-01,-5.245648e-02,-7.791923e-02
3.820000e+00,-9.625054e-02,7.950545e-02,-2.185375e-01,-1.858484e-01
3.830000e+00,-1.715666e-01,-2.320498e-02,-1.034634e-01,-9.658524e-02
3.840000e+00,-1.323001e-01,9.926443e-02,-1.433305e-02,-1.539457e-01
3.850000e+00,-7.901701e-03,7.007796e-02,-6.244435e-02,-3.996837e-01
3.860000e+00,1.059777e-01,-1.215414e-01,6.348080e-02,-2.729004e-01
3.870000e+00,2.798566e-02,1.634260e-01,3.883250e-02,-5.164792e-03
3.880000e+00,5.163424e-02,-1.718083e-01,9.562186e-03,-1.824660e-01
3.890000e+00,-7.529077e-03,-6.217490e-03,4.187200e-02,-2.232426e-01
3.900000e+00,6.891625e-02,1.306698e-01,1.854910e-01,-1.334410e-01
3.910000e+00,1.187916e-01,-1.778303e-01,-4.498905e-02,-1.018878e-01
3.920000e+00,-3.741807e-02,-6.057199e-02,2.467240e-01,-2.306647e-01
3.930000e+00,-8.991036e-02,-6.568461e-02,1.663202e-01,-1.260237e-01
3.940000e+00,9.092478e-02,-1.079391e-02,1.071801e-01,-2.820337e-01
3.950000e+00,-2.812555e-02,3.171850e-02,-2.160055e-01,-2.223012e-01
3.960000e+00,-1.853999e-01,-5.489088e-02,-7.544429e-02,-2.152125e-01
3.970000e+00,6.040980e-02,1.760646e-02,-1.505070e-01,-1.324943e-01
3.980000e+00,9.531416e-02,1.914327e-01,1.591342e-03,4.159841e-02
3.990000e+00,1.055676e-01,1.295519e-01,-1.242954e-01,-8.913283e-02
4.000000e+00,7.206087e-02,1.473362e-01,-6.228919e-02,-2.386467e-01
4.010000e+00,2.680091e-02,2.916483e-02,1.296583e-01,-3.140989e-01
4.020000e+00,4.681596e-02,-9.436733e-02,-1.407957e-01,-2.233711e-01
4.030000e+00,2.277628e-01,1.190440e-02,-2.024791e-01,5.634925e-03
4.040000e+00,3.859949e-02,4.287683e-02,-9.241332e-02,-9.037539e-02
4.050000e+00,-1.430397e-03,7.852316e-02,-4.312722e-02,-2.500497e-01
4.060000e+00,1.726596e-01,5.109492e-02,5.105129e-02,-6.828330e-03
4.070000e+00,1.489494e-01,-8.464811e-02,-5.366237e-03,-2.234682e-01
4.080000e+00,2.037940e-01,-1.535022e-01,-5.226967e-02,-1.413666e-01
4.090000e+00,1.292845e-01,-1.602897e-01,6.576646e-03,-2.067062e-01
4.100000e+00,8.836143e-02,-7.880715e-02,-1.305561e-01,-1.366490e-01
4.110000e+00,1.712810e-01,2.680747e-02,1.351710e-02,-2.027500e-01
4.120000e+00,1.544465e-02,1.310613e-01,8.723065e-02,-2.072781e-01
4.130000e+00,2.723693e-03,-3.300003e-02,-1.831881e-02,-2.061580e-01
4.140000e+00,-4.900717e-02,6.896049e-02,1.024141e-01,7.266642e-02
4.150000e+00,2.047414e-01,-1.457283e-01,-4.926806e-02,-3.302334e-01
4.160000e+00,2.659414e-01,1.108008e-01,8.612537e-02,-2.621743e-02
4.170000e+00,1.325842e-01,-1.520562e-02,-1.503219e-01,-1.737488e-01
4.180000e+00,-2.832836e-02,1.015522e-01,-1.105864e-02,-7.121000e-02
4.190000e+00,-8.991035e-02,4.111965e-02,4.153335e-02,-2.179586e-02
4.200000e+00,-5.999799e-02,-8.702419e-02,-1.201121e-01,-2.708381e-01
4.210000e+00,3.568580e-02,-1.196458e-01,-1.628269e-01,-4.903084e-02
4.220000e+00,-9.889744e-02,-2.529275e-01,-7.415443e-02,-1.474989e-01
4.230000e+00,-1.255848e-01,-3.345501e-02,-4.080374e-02,-2.240335e-01
4.240000e+00,-1.214624e-01,-3.674248e-02,1.209137e-01,-1.231199e-01
4.250000e+00,7.405702e-02,-6.119082e-02,-1.152033e-01,-1.280994e-01
4.260000e+00,-1.751380e-01,6.993772e-02,8.991472e-02,-8.706939e-02
4.270000e+00,7.783853e-02,-2.259252e-02,-4.031001e-02,-7.648322e-02
4.280000e+00,7.075454e-02,4.767181e-02,-7.616944e-02,-1.463794e-01
4.290000e+00,-7.737336e-02,5.501272e-02,-4.922302e-02,-3.999779e-02
4.300000e+00,-6.658919e-02,6.164046e-03,1.996248e-01,-8.306355e-02
4.310000e+00,-3.008578e-02,-1.093634e-01,-7.546912e-02,1.455581e-02
4.320000e+00,-3.617151e-02,3.675304e-02,1.376487e-01,3.050450e-02
4.330000e+00,1.120894e-01,-6.308816e-02,-5.065946e-03,-1.599659e-01
4.340000e+00,1.283820e-02,-1.653598e-01,-6.375879e-02,-1.376080e-01
4.350000e+00,-5.817067e-02,7.717784e-02,5.720524e-02,-1.982230e-03
4.360000e+00,7.721336e-02,2.245316e-01,-1.287384e-03,9.467581e-02
4.370000e+00,1.245922e-01,-9.982727e-02,-2.170669e-02,2.263050e-02
4.380000e+00,-1.461969e-01,-1.818839e-02,3.518647e-02,-1.062738e-01
4.390000e+00,1.465807e-01,1.035708e-01,-6.049826e-02,-8.409343e-02
4.400000e+00,-7.698930e-02,-2.326841e-01,1.989194e-01,5.660092e-02
4.410000e+00,-1.686887e-01,-2.117908e-01,-2.766475e-03,-2.156943e-01
4.420000e+00,3.308630e-02,-4.391715e-02,6.811243e-02,-1.271320e-01
4.430000e+00,1.385032e-01,8.564567e-02,8.925068e-02,-1.808308e-01
4.440000e+00,1.476076e-01,3.197768e-01,-1.056686e-01,3.894562e-02
4.450000e+00,-1.428416e-02,3.023834e-01,1.350331e-01,-2.249264e-01
4.460000e+00,9.380514e-02,8.293323e-02,8.638886e-02,-1.511339e-01
4.470000e+00,1.225249e-02,4.551496e-02,-8.666641e-02,-9.210525e-02
4.480000e+00,5.274351e-03,-7.568871e-02,1.965124e-02,-6.427658e-02
4.490000e+00,1.393319e-01,-1.965746e-01,-1.032156e-01,-1.361448e-01
4.500000e+00,4.797384e-02,-2.797394e-02,1.113606e-01,-1.972332e-01
4.510000e+00,1.200900e-01,-2.498217e-04,-1.422970e-02,-1.278910e-01
4.520000e+00,7.272477e-02,-8.165525e-03,7.950507e-02,-1.265204e-01
4.530000e+00,-4.091707e-02,1.478843e-01,-5.437534e-03,-2.116373e-01
4.540000e+00,7.847609e-02,-6.560593e-03,1.554220e-02,-2.261310e-01
4.550000e+00,7.778432e-03,1.426037e-01,-6.058054e-02,-7.111135e-02
4.560000e+00,-9.947755e-02,5.955855e-02,-5.697195e-02,-2.124434e-02
4.570000e+00,4.330352e-02,6.343719e-02,-2.975942e-02,-3.653481e-02
4.580000e+00,2.194561e-02,-1.577178e-01,2.317057e-01,-8.913523e-02
4.590000e+00,-2.990394e-02,6.232944e-02,7.629357e-02,-1.509873e-01
4.600000e+00,3.416838e-02,4.873340e-02,4.551288e-02,-2.534481e-01
4.610000e+00,-6.257148e-02,-8.673922e-02,4.440421e-02,-1.877232e-01
4.620000e+00,2.122672e-01,2.154792e-02,2.293632e-01,-1.481644e-01
4.630000e+00,-1.376909e-01,2.878446e-02,3.535625e-02,-1.150383e-01
4.640000e+00,-1.323590e-01,3.865614e-02,5.522589e-02,-6.022575e-02
4.650000e+00,1.266377e-01,5.590534e-02,-7.153584e-02,-6.172190e-02
4.660000e+00,-5.539499e-02,1.007286e-01,-1.196418e-02,-1.212085e-03
4.670000e+00,-4.276651e-02,-8.075629e-03,-1.138076e-01,-4.828500e-02
4.680000e+00,-4.277852e-02,3.826120e-02,4.467446e-02,-2.217127e-01
4.690000e+00,1.105797e-01,-1.483929e-02,-7.676106e-02,-3.209124e-03
4.700000e+00,3.257278e-02,8.279930e-02,1.267482e-01,-1.885742e-01
4.710000e+00,7.025332e-02,-7.540925e-02,8.824281e-02,-1.277501e-01
4.720000e+00,-1.656076e-01,8.972915e-02,-1.618077e-02,-1.537050e-01
4.730000e+00,-1.579592e-01,-1.370012e-01,-4.525413e-02,-1.627321e-02
4.740000e+00,4.195643e-02,7.308635e-02,-1.468228e-01,-2.552848e-01
4.750000e+00,-1.681141e-01,-2.909251e-02,7.577324e-02,-1.919470e-02
4.760000e+00,2.098135e-01,1.572041e-02,7.660763e-02,-1.525097e-01
4.770000e+00,5.166031e-02,-4.927614e-02,-1.907846e-02,-1.643100e-01
4.780000e+00,1.501327e-01,-2.760225e-02,2.013640e-01,-2.114520e-01
4.790000e+00,-1.579004e-01,1.683431e-02,5.046245e-02,-1.610047e-01
4.800000e+00,7.239884e-02,7.209495e-02,5.132490e-02,-2.006148e-01
4.810000e+00,6.805953e-02,7.395198e-02,-6.479957e-03,-1.676187e-01
4.820000e+00,1.334039e-01,2.069973e-02,6.815300e-02,4.106883e-02
4.830000e+00,-1.605482e-02,1.110444e-01,-8.291284e-02,-9.501527e-02
4.840000e+00,-1.182105e-01,2.311838e-02,-1.818234e-02,-1.815759e-01
4.850000e+00,-5.333290e-02,1.078223e-01,-1.079964e-01,4.333237e-02
4.860000e+00,-3.430523e-02,1.756676e-01,-1.315219e-01,-1.350102e-02
4.870000e+00,-1.419158e-02,-1.318795e-01,-1.920842e-01,-3.543589e-02
4.880000e+00,-3.275416e-03,-1.266825e-01,1.507327e-01,-1.275484e-01
4.890000e+00,4.330536e-02,1.111405e-01,-2.113519e-01,-5.109104e-03
4.900000e+00,2.280275e-01,-2.883981e-02,2.274305e-01,-1.364487e-01
4.910000e+00,-6.601190e-02,3.413130e-02,6.838620e-02,-1.497483e-01
4.920000e+00,-4.927569e-02,1.430112e-01,-2.194101e-01,-1.311782e-01
4.930000e+00,1.927196e-01,-7.725454e-02,-1.690740e-02,-1.153954e-01
4.940000e+00,2.639293e-01,-1.105582e-01,8.068197e-02,-1.655220e-02
4.950000e+00,-5.619482e-02,-4.153088e-03,-7.656594e-02,2.179485e-02
4.960000e+00,-1.744416e-01,5.739238e-03,7.191443e-02,-2.678270e-01
4.970000e+00,6.641208e-02,3.927821e-02,-1.113620e-01,-1.134271e-01
4.980000e+00,-5.372382e-02,3.755523e-02,2.302395e-03,-2.111337e-01
4.990000e+00,8.843245e-03,-1.553617e-01,1.449243e-01,5.440958e-02
5.000000e+00,6.457804e-03,-3.306731e-02,3.004342e-02,9.523605e-02
5.010000e+00,4.856018e-02,-3.669933e-02,1.165889e-01,-1.298063e-01
5.020000e+00,-1.146478e-01,-2.468323e-01,-6.914074e-04,2.279048e-02
5.030000e+00,3.978085e-02,-1.439592e-01,-7.520831e-02,-8.085763e-03
5.040000e+00,-2.579935e-02,6.483516e-02,4.424447e-02,-2.379400e-02
5.050000e+00,-1.331632e-01,-1.223331e-01,-1.676345e-03,3.015758e-02
5.060000e+00,1.505553e-03,1.209176e-02,2.060316e-01,1.379939e-02
5.070000e+00,-8.902277e-02,-1.879960e-01,-8.887543e-02,-3.710559e-02
5.080000e+00,3.018664e-01,1.746348e-02,3.047713e-03,-1.332050e-01
5.090000e+00,2.035612e-02,7.623553e-02,-1.529606e-01,9.216257e-02
5.100000e+00,5.358723e-03,1.023516e-01,1.559756e-01,-1.586941e-01
5.110000e+00,-7.912748e-03,-5.527224e-02,5.938219e-02,-6.629398e-02
5.120000e+00,3.206885e-03,-1.096784e-01,1.351110e-01,-9.151055e-02
5.130000e+00,1.365757e-01,6.685161e-02,-3.186090e-02,4.432349e-02
5.140000e+00,-1.239096e-01,-1.596942e-02,3.856559e-02,6.361439e-02
5.150000e+00,-6.214709e-02,-5.655610e-03,1.237204e-01,7.504844e-02
5.160000e+00,1.158258e-01,1.115699e-01,-3.568789e-02,8.702305e-02
5.170000e+00,6.141812e-02,1.713890e-01,5.062495e-02,-1.950395e-01
5.180000e+00,-5.008635e-03,-9.866974e-02,-1.468064e-01,-1.623830e-02
5.190000e+00,1.495346e-01,-6.000806e-02,-3.549288e-02,-5.094493e-02
5.200000e+00,4.086338e-03,-2.504726e-03,-1.807606e-02,-1.144904e-01
5.210000e+00,1.088789e-01,5.620824e-02,-7.606670e-02,-3.270785e-02
5.220000e+00,1.354275e-02,1.233868e-01,-1.637091e-01,-8.201285e-02
5.230000e+00,1.927562e-01,4.601710e-02,2.280705e-02,-1.739765e-01
5.240000e+00,9.653224e-02,-5.352907e-02,1.812444e-02,-1.301979e-01
5.250000e+00,7.870058e-02,8.964167e-02,5.640367e-02,-1.457629e-01
5.260000e+00,-7.215503e-02,4.763360e-02,9.106541e-02,-1.387242e-01
5.270000e+00,-3.071214e-02,-2.664283e-02,-9.318574e-02,-6.165664e-02
5.280000e+00,5.170118e-02,4.901097e-02,2.054901e-02,-2.810996e-02
5.290000e+00,4.202872e-02,9.885421e-03,8.874796e-03,-1.457860e-01
5.300000e+00,-1.296403e-01,1.721410e-01,1.141803e-01,-2.023397e-01
5.310000e+00,4.059570e-02,-3.521761e-02,8.695094e-02,-1.522072e-01
5.320000e+00,4.817763e-02,1.166389e-01,-8.385645e-02,1.442604e-02
5.330000e+00,-1.639275e-01,1.086481e-01,-1.869279e-01,4.046053e-02
5.340000e+00,-1.025109e-01,-6.321813e-02,-8.655562e-02,-1.878344e-01
5.350000e+00,1.586483e-01,5.819180e-02,9.357204e-02,-1.008545e-02
5.360000e+00,-4.200347e-02,8.007930e-02,-6.009844e-03,-9.008812e-02
5.370000e+00,-1.008299e-01,1.540362e-01,-2.559450e-02,-1.376646e-01
5.380000e+00,-2.381154e-02,-1.392808e-01,-7.484837e-02,-1.571944e-02
5.390000e+00,1.369627e-01,-9.016909e-02,-6.762834e-02,-1.826893e-01
5.400000e+00,5.491324e-02,6.609827e-03,4.124222e-02,-1.810789e-01
5.410000e+00,-2.131026e-01,-2.460303e-01,7.078217e-02,-8.119901e-02
5.420000e+00,-4.327695e-02,-1.619886e-01,4.565615e-02,-2.746194e-01
5.430000e+00,-1.473670e-01,-1.901010e-01,1.306452e-02,-1.234409e-01
5.440000e+00,-4.945663e-02,6.077916e-02,1.120110e-01,-1.760694e-01
5.450000e+00,-1.784343e-01,-7.215676e-02,-2.288492e-02,-2.199898e-01
5.460000e+00,7.835085e-02,2.911417e-01,-6.428206e-03,-1.299446e-01
5.470000e+00,1.141962e-01,7.215666e-02,-1.027066e-01,-3.688633e-02
5.480000e+00,9.582971e-02,7.254463e-02,1.535111e-02,-7.216946e-02
5.490000e+00,1.111802e-01,-2.485171e-02,-1.941295e-02,1.795077e-01
5.500000e+00,1.355586e-01,-4.006636e-02,-1.066089e-01,-5.716263e-02
5.510000e+00,-7.043708e-02,7.274798e-02,5.094724e-02,-1.285384e-01
5.520000e+00,-3.995546e-02,1.093318e-01,2.246535e-02,3.155907e-02
5.530000e+00,-1.277417e-01,1.373280e-01,2.016568e-01,2.294672e-02
5.540000e+00,-1.858422e-01,1.289900e-01,4.722414e-02,-1.330114e-01
5.550000e+00,-8.284994e-02,1.007871e-01,4.737570e-02,-5.001388e-02
5.560000e+00,-1.207061e-01,-1.088709e-02,-2.200496e-02,-1.554954e-01
5.570000e+00,1.586289e-02,-1.095884e-02,-1.135648e-01,-7.486713e-02
5.580000e+00,-2.705469e-02,-9.619806e-02,-1.229135e-01,-6.946034e-02
5.590000e+00,5.396337e-02,-2.166496e-02,2.959577e-02,1.734894e-01
5.600000e+00,-8.310113e-02,3.109679e-02,1.491752e-01,3.126218e-02
5.610000e+00,4.417040e-02,-1.472230e-01,3.361919e-02,-1.544697e-01
5.620000e+00,2.964744e-02,-4.887615e-02,9.120200e-02,-1.804869e-01
5.630000e+00,-1.539501e-01,-4.873681e-02,-5.309616e-02,-1.071199e-01
5.640000e+00,-1.859455e-01,1.458031e-03,2.731317e-02,-9.082260e-04
5.650000e+00,-2.234951e-01,-4.055043e-02,-3.038519e-02,1.523807e-01
5.660000e+00,-5.570995e-02,-4.010818e-02,-8.318504e-02,-9.609137e-02
5.670000e+00,1.808720e-02,-1.386205e-01,7.048018e-02,-5.162126e-02
5.680000e+00,6.077910e-02,-1.235567e-01,-3.194797e-02,-1.927516e-01
5.690000e+00,-8.990520e-02,-1.370728e-01,-3.255496e-01,8.711515e-02
5.700000e+00,-3.299623e-02,2.327139e-02,1.896573e-01,2.586040e-02
5.710000e+00,-2.176765e-01,3.572934e-02,-3.365965e-02,5.512128e-02
5.720000e+00,1.875730e-01,-1.947539e-01,3.454968e-02,4.080383e-02
5.730000e+00,-6.945932e-02,-1.197452e-01,-4.915212e-02,-2.409033e-01
5.740000e+00,4.667932e-02,-4.426832e-02,1.196727e-02,8.034033e-02
5.750000e+00,-1.511993e-01,4.703736e-02,-2.977065e-02,-3.820380e-02
5.760000e+00,-4.021292e-02,1.368226e-02,-9.754959e-03,-9.283133e-02
5.770000e+00,1.049372e-01,7.888032e-02,-4.706591e-02,-7.704729e-02
5.780000e+00,-1.122870e-01,-1.423885e-01,-1.139095e-01,7.810082e-02
5.790000e+00,5.870301e-02,-7.267329e-02,-4.938793e-02,1.599414e-01
5.800000e+00,-1.093591e-01,-1.421159e-01,2.594048e-02,7.151586e-02
5.810000e+00,7.341200e-02,2.002435e-03,-2.292181e-02,1.513452e-01
5.820000e+00,5.797687e-02,-8.837613e-02,1.563555e-01,-8.387077e-02
5.830000e+00,-3.807014e-03,6.937444e-02,3.061646e-01,-1.819588e-01
5.840000e+00,1.878907e-01,-1.757406e-01,-7.892736e-02,-6.826245e-02
5.850000e+00,-1.522686e-01,1.319687e-03,-9.055184e-02,-1.368584e-01
5.860000e+00,6.195217e-02,-2.229282e-01,-1.085839e-01,-1.394312e-01
5.870000e+00,1.863509e-01,-9.756162e-02,-1.008136e-01,-6.597799e-02
5.880000e+00,3.928990e-02,-1.446338e-02,-1.443355e-02,-1.779819e-01
5.890000e+00,7.895292e-02,3.326940e-02,3.135019e-02,-1.184025e-01
5.900000e+00,-1.049204e-02,2.671805e-02,1.232624e-02,-3.861704e-02
5.910000e+00,9.617581e-02,-1.822328e-01,-1.338156e-01,-1.607512e-02
5.920000e+00,-1.716911e-01,4.085923e-02,1.494697e-01,-1.062538e-01
5.930000e+00,-1.052791e-01,7.360072e-02,9.279161e-02,-5.337955e-02
5.940000e+00,-1.011825e-01,-8.613837e-02,-1.016594e-01,-2.953205e-02
5.950000e+00,-1.067640e-01,9.535508e-02,-2.673180e-02,-6.218774e-02
5.960000e+00,2.470400e-01,-6.243807e-02,-5.156273e-02,4.414141e-02
5.970000e+00,1.806887e-01,-9.093550e-02,-9.071410e-03,-1.164683e-01
5.980000e+00,-5.438767e-02,1.259073e-02,-6.691819e-02,1.998769e-02
5.990000e+00,5.169565e-02,5.962004e-02,-7.443047e-02,1.250584e-01
6.000000e+00,-1.579153e-01,4.021973e-02,1.527134e-02,1.420576e-01
6.010000e+00,-6.319959e-02,2.380641e-02,-3.310169e-02,-7.711394e-02
6.020000e+00,-2.189333e-02,5.323215e-02,-3.032110e-03,2.561889e-02
6.030000e+00,3.782183e-02,-3.692804e-02,-3.793946e-02,-1.221758e-01
6.040000e+00,1.276097e-01,6.279917e-02,-1.724740e-02,2.288999e-02
6.050000e+00,6.888042e-02,5.643733e-02,1.867343e-02,-1.909473e-01
6.060000e+00,5.125157e-03,-1.617590e-01,-6.812152e-02,-1.960479e-01
6.070000e+00,1.312935e-01,-6.360735e-02,1.358770e-01,-1.153792e-01
6.080000e+00,-1.141556e-02,8.875137e-02,5.785739e-02,-2.065894e-01
6.090000e+00,7.242892e-02,-4.176972e-02,-2.781694e-01,2.714032e-02
6.100000e+00,2.103035e-01,-6.716601e-02,-6.887515e-02,-1.560588e-02
6.110000e+00,-1.101782e-01,-3.121757e-02,6.181249e-02,7.634811e-02
6.120000e+00,-2.130002e-02,8.734628e-02,9.101768e-02,8.457164e-03
6.130000e+00,-9.123595e-02,-1.310848e-01,-1.451787e-01,4.297249e-02
6.140000e+00,-1.502056e-01,7.268599e-02,1.741286e-01,-1.205488e-01
6.150000e+00,1.056172e-01,7.463967e-02,-6.459150e-03,6.508556e-02
6.160000e+00,-3.959693e-02,4.567445e-02,-1.527232e-01,-2.422257e-02
6.170000e+00,-1.636702e-01,-7.038613e-02,-4.493383e-02,-8.705985e-02
6.180000e+00,-9.596135e-02,-1.181384e-01,-6.734354e-02,9.275713e-02
6.190000e+00,1.049441e-01,8.585358e-02,1.546534e-01,5.371137e-02
6.200000e+00,7.102137e-02,3.586609e-02,-2.214744e-01,-3.943854e-02
6.210000e+00,1.755571e-02,7.103184e-03,-8.305660e-02,7.169398e-03
6.220000e+00,-1.522760e-01,1.301778e-02,3.635961e-02,-5.791189e-02
6.230000e+00,-4.585165e-02,3.575264e-02,7.198916e-02,-1.048102e-01
6.240000e+00,-9.009203e-02,3.158628e-02,-1.647632e-01,1.010580e-03
6.250000e+00,1.399623e-01,1.147532e-01,1.345424e-01,-4.688863e-02
6.260000e+00,-6.020328e-02,6.135097e-02,-1.431227e-01,-5.856278e-02
6.270000e+00,9.110779e-02,3.867937e-03,-9.043410e-02,1.682744e-02
6.280000e+00,1.754862e-01,9.307161e-02,-3.685233e-02,-6.691416e-02
6.290000e+00,1.396193e-01,1.848622e-01,8.210846e-02,-5.173542e-02
6.300000e+00,6.802575e-02,2.045170e-02,5.291833e-02,1.478094e-01
6.310000e+00,-1.231604e-01,9.413305e-02,-1.625201e-03,-2.458809e-01
6.320000e+00,2.381587e-01,-1.138019e-01,8.561851e-02,-9.511977e-02
6.330000e+00,-1.264539e-01,1.102584e-01,-5.644729e-02,-1.453477e-01
6.340000e+00,-6.296441e-02,-6.137638e-02,1.551486e-01,1.855073e-01
6.350000e+00,3.977993e-03,-3.827832e-02,7.141709e-03,-4.366997e-02
6.360000e+00,8.023428e-02,6.386484e-02,-1.861887e-01,1.459190e-01
6.370000e+00,3.286552e-02,-4.522967e-02,-9.241985e-02,1.700833e-04
6.380000e+00,-7.483011e-02,-2.224376e-01,-1.005583e-01,-1.134756e-02
6.390000e+00,-9.403449e-02,-2.029629e-01,-1.149568e-01,-1.351053e-01
6.400000e+00,-1.447913e-01,-1.429246e-01,6.412402e-02,-1.245343e-01
6.410000e+00,-3.277960e-02,5.024808e-02,-1.227169e-01,-2.412687e-02
6.420000e+00,-2.349374e-02,-5.414911e-02,-1.936137e-03,-7.920866e-02
6.430000e+00,-8.785495e-03,-3.752986e-02,-1.405143e-02,1.900188e-01
6.440000e+00,-3.289840e-02,-1.118178e-01,-7.924066e-02,-1.308343e-01
6.450000e+00,5.550861e-02,1.835858e-01,9.018907e-03,1.227100e-01
6.460000e+00,-8.920582e-03,-2.838598e-02,-7.210815e-02,2.621155e-02
6.470000e+00,-5.357737e-02,-8.482964e-02,1.829735e-01,-5.020137e-02
6.480000e+00,-2.264321e-02,2.170793e-02,-1.528085e-01,-1.194146e-01
6.490000e+00,1.689662e-01,-1.612863e-01,2.472272e-02,-9.061435e-02
6.500000e+00,1.146889e-02,-5.629503e-02,-5.174148e-02,-8.352614e-02
6.510000e+00,1.110552e-01,5.855311e-03,-2.270321e-02,-1.505447e-01
6.520000e+00,-3.313772e-02,2.049600e-01,-1.747737e-01,1.370766e-01
6.530000e+00,-6.528952e-02,2.589312e-02,8.244558e-02,-9.670226e-02
6.540000e+00,1.441257e-01,2.739465e-02,1.990665e-02,-1.368356e-01
6.550000e+00,6.595857e-02,7.394118e-02,1.078735e-01,-1.328017e-02
6.560000e+00,-5.561066e-02,1.000765e-01,6.044049e-02,-1.282861e-02
6.570000e+00,1.422694e-01,-5.739919e-02,-8.120316e-02,-1.530346e-01
6.580000e+00,-1.898906e-02,3.186560e-02,-1.238223e-01,-6.201462e-02
6.590000e+00,-2.026963e-03,-1.732739e-01,-5.270677e-02,9.899286e-03
6.600000e+00,-4.685307e-04,4.369439e-02,5.034586e-02,1.143748e-01
6.610000e+00,-1.097874e-02,-1.169561e-01,-1.120865e-01,-4.927026e-02
6.620000e+00,3.285143e-02,-1.990903e-02,-2.606656e-02,7.816226e-02
6.630000e+00,-1.386185e-01,1.693483e-02,-2.201363e-01,-1.757829e-01
6.640000e+00,5.933316e-02,-8.820582e-02,-9.998985e-02,-5.440229e-02
6.650000e+00,-2.412989e-01,1.240452e-01,4.581093e-02,3.550483e-03
6.660000e+00,2.644160e-03,-5.514125e-02,8.012695e-02,-2.553582e-01
6.670000e+00,-1.080678e-01,-6.675439e-02,1.375867e-01,9.058672e-03
6.680000e+00,4.999592e-02,6.428464e-02,4.049786e-02,-7.563732e-02
6.690000e+00,-9.675486e-02,1.283559e-01,3.464815e-02,-1.243179e-01
6.700000e+00,9.101038e-02,1.426728e-02,-9.929190e-02,1.044970e-01
6.710000e+00,-6.608641e-02,-1.087127e-01,-1.993318e-01,1.652759e-02
6.720000e+00,-9.013155e-02,1.007622e-01,9.801628e-02,-8.811741e-02
6.730000e+00,3.134349e-02,-7.882082e-02,5.238084e-02,-4.949706e-02
6.740000e+00,-3.235869e-02,-2.059042e-01,4.314392e-02,-1.566913e-01
6.750000e+00,-4.860058e-02,-1.027230e-01,6.402757e-02,-1.177401e-01
6.760000e+00,-5.147892e-02,1.508589e-01,-4.517976e-02,1.242356e-01
6.770000e+00,8.869500e-02,2.026745e-01,1.108975e-01,1.883699e-01
6.780000e+00,-4.532601e-02,1.829671e-02,9.463174e-02,6.380807e-02
6.790000e+00,-7.404940e-03,6.008449e-03,-3.020053e-02,-8.568650e-02
6.800000e+00,-5.571819e-02,-1.812261e-01,-6.292212e-02,2.246743e-02
6.810000e+00,-1.381282e-02,-1.828413e-01,-6.376375e-03,-6.602751e-02
6.820000e+00,-7.501238e-02,7.183751e-02,6.561679e-02,-8.214577e-02
6.830000e+00,5.536168e-02,-2.810592e-02,1.136988e-01,8.728160e-02
6.840000e+00,3.021296e-02,-8.115896e-02,9.766936e-02,1.879030e-01
6.850000e+00,8.844730e-02,-5.530880e-02,-1.905518e-01,1.622400e-02
6.860000e+00,2.902527e-02,-5.033849e-02,2.820937e-02,8.704876e-02
6.870000e+00,3.635206e-02,-1.544461e-02,-3.081251e-01,-8.074720e-02
6.880000e+00,2.269572e-02,-1.122984e-01,-1.611032e-01,-3.782255e-02
6.890000e+00,1.583357e-01,1.791519e-02,-8.584460e-02,-4.480405e-02
6.900000e+00,-9.128069e-03,2.486705e-02,3.219611e-03,1.218139e-01
6.910000e+00,-3.243049e-02,7.958389e-02,-6.956943e-03,-5.547871e-02
6.920000e+00,3.150536e-02,-5.314801e-02,-1.343832e-02,-8.275261e-03
6.930000e+00,-3.657249e-02,1.559913e-01,1.025505e-01,4.991590e-02
6.940000e+00,-1.289610e-01,-3.601604e-02,1.057116e-02,-5.342528e-02
6.950000e+00,-5.610848e-02,5.083354e-02,8.702572e-02,-1.031380e-01
6.960000e+00,-5.235628e-02,-4.856571e-02,-8.744188e-03,-3.229823e-02
6.970000e+00,5.030390e-02,1.679307e-01,-9.256175e-02,-8.188538e-02
6.980000e+00,5.656978e-02,-5.045430e-02,-1.197395e-01,-6.440747e-02
6.990000e+00,-1.751353e-02,9.005448e-02,1.188781e-01,7.748356e-02
7.000000e+00,2.657620e-02,-3.837698e-02,-4.268307e-02,-2.100862e-02
7.010000e+00,-8.584111e-02,9.177585e-02,4.731771e-02,7.235484e-02
7.020000e+00,-6.585898e-03,1.064235e-01,-1.717752e-03,-1.458921e-01
7.030000e+00,-2.734826e-02,-1.864638e-02,-5.343304e-02,-1.933140e-02
7.040000e+00,7.242325e-02,-3.604880e-02,4.500499e-02,-1.338170e-01
7.050000e+00,8.954177e-02,-5.883410e-02,-8.527810e-02,-1.073386e-02
7.060000e+00,-5.177165e-02,-2.168698e-02,9.100197e-02,-1.267309e-01
7.070000e+00,-1.899164e-01,-4.584210e-02,1.268237e-01,2.292873e-02
7.080000e+00,9.144568e-03,-1.905925e-01,1.810287e-01,7.387375e-02
7.090000e+00,1.199357e-01,-2.968198e-02,6.659142e-02,-5.178867e-02
7.100000e+00,1.144656e-01,2.661451e-02,9.255863e-02,7.501175e-03
7.110000e+00,6.571313e-02,-7.777907e-02,7.784549e-02,7.684787e-02
7.120000e+00,1.022007e-01,-6.688549e-02,-1.017909e-01,5.669055e-02
7.130000e+00,-9.017762e-02,-6.314708e-02,-1.249544e-02,-4.086248e-03
7.140000e+00,-1.227667e-01,-6.437379e-03,4.096097e-02,-1.742305e-01
7.150000e+00,4.881554e-02,-8.426731e-02,-1.152416e-01,-5.344372e-02
7.160000e+00,-1.254044e-02,-1.268933e-01,-2.328316e-02,-2.076037e-01
7.170000e+00,-1.157328e-01,1.519385e-01,-1.425676e-01,-4.592317e-02
7.180000e+00,7.340952e-02,-5.810519e-02,-2.714759e-02,7.983243e-02
7.190000e+00,1.408247e-01,5.181731e-02,2.189407e-02,3.910991e-02
7.200000e+00,2.885407e-02,-1.195187e-01,3.271198e-02,2.344804e-01
7.210000e+00,3.076704e-02,1.953295e-01,6.745390e-02,-2.739736e-02
7.220000e+00,1.514610e-02,-1.363707e-03,9.719005e-02,6.271576e-02
7.230000e+00,-6.804303e-02,1.142205e-01,-2.242684e-02,2.914637e-03
7.240000e+00,4.729720e-03,7.487394e-02,9.525713e-02,-1.016285e-01
7.250000e+00,8.819931e-02,-3.066563e-03,1.026396e-01,-4.684732e-03
7.260000e+00,-1.116354e-01,2.926095e-02,-1.653867e-02,-6.475054e-02
7.270000e+00,9.798865e-02,-6.440537e-02,1.023842e-02,-9.987444e-02
7.280000e+00,1.282100e-01,9.121718e-03,9.011174e-02,-6.787935e-02
7.290000e+00,-6.054679e-03,8.341941e-02,-7.428457e-03,-2.757623e-02
7.300000e+00,-8.936555e-03,-5.569737e-02,-7.348930e-02,2.569020e-01
7.310000e+00,1.396207e-01,-5.911343e-02,-5.164329e-02,-6.027184e-02
7.320000e+00,4.989649e-02,-2.259574e-02,-6.514249e-02,-7.649208e-02
7.330000e+00,4.694330e-02,7.394933e-02,-1.091981e-01,-7.961620e-02
7.340000e+00,-1.250616e-02,-1.005881e-01,1.225098e-01,-7.312968e-03
7.350000e+00,-7.916730e-02,-1.071653e-01,-2.092736e-01,1.076543e-01
7.360000e+00,-4.270519e-02,-3.113256e-02,-9.980042e-03,-1.231390e-01
7.370000e+00,4.416948e-02,-2.851154e-02,1.220618e-02,-2.524462e-01
7.380000e+00,-8.937630e-02,6.700199e-02,1.988067e-02,-1.547851e-02
7.390000e+00,-7.074303e-04,1.057445e-01,-2.208902e-02,9.278784e-02
7.400000e+00,-7.125693e-02,-1.086313e-01,-1.534318e-01,-2.482402e-01
7.410000e+00,-1.317673e-01,-1.924231e-01,-5.514798e-02,7.035045e-02
7.420000e+00,1.653087e-01,-1.590255e-01,-1.035001e-01,1.184028e-01
7.430000e+00,8.924166e-02,-1.217592e-01,6.804375e-02,1.082333e-02
7.440000e+00,-1.835533e-02,-1.308542e-01,-4.003300e-02,-2.025062e-01
7.450000e+00,1.169742e-01,-1.065167e-02,4.686740e-02,-4.476524e-03
7.460000e+00,1.053910e-02,-4.314419e-02,-7.037250e-03,5.001081e-02
7.470000e+00,4.943244e-02,1.586377e-01,-5.659029e-02,7.683287e-02
7.480000e+00,4.512668e-02,7.195729e-02,-7.421895e-02,6.459932e-02
7.490000e+00,3.238833e-02,-4.443422e-03,-1.393350e-01,6.709017e-02
7.500000e+00,3.471634e-03,-1.256984e-01,-8.058430e-02,1.063584e-01
7.510000e+00,1.041899e-03,1.389212e-02,-6.178283e-02,-1.259625e-01
7.520000e+00,-7.021235e-02,3.283990e-02,-1.167725e-02,9.737822e-02
7.530000e+00,1.199422e-01,4.268044e-02,4.077690e-02,-1.817173e-01
7.540000e+00,-2.772054e-02,-3.852550e-02,2.236644e-02,-6.136669e-04
7.550000e+00,-2.110104e-03,-1.019143e-01,8.506586e-02,2.678876e-02
7.560000e+00,-1.052876e-01,1.550621e-01,4.189451e-03,1.037257e-01
7.570000e+00,5.164596e-03,-5.667843e-02,1.017092e-01,-1.036230e-01
7.580000e+00,1.520387e-01,2.637129e-03,-1.881915e-02,1.245486e-02
7.590000e+00,-1.092540e-01,6.765976e-02,-2.962694e-02,1.278371e-01
7.600000e+00,7.410006e-02,9.574411e-04,8.091204e-02,3.374090e-02
7.610000e+00,-1.445050e-01,-7.841914e-02,3.163062e-02,6.997966e-02
7.620000e+00,5.555433e-02,1.619134e-01,1.324059e-02,-8.699492e-03
7.630000e+00,1.557375e-01,-2.802924e-01,-4.569240e-02,-6.501009e-02
7.640000e+00,1.432398e-02,4.541635e-02,-1.588948e-02,9.528587e-02
7.650000e+00,-1.136102e-01,1.489740e-01,-8.847990e-02,5.519185e-02
7.660000e+00,1.737717e-01,-1.498805e-02,-1.984465e-02,1.035193e-01
7.670000e+00,-1.031352e-01,-1.289576e-02,1.892033e-02,-5.064623e-02
7.680000e+00,-6.544466e-02,-6.332112e-02,1.589253e-01,2.486992e-04
7.690000e+00,4.564781e-02,2.416332e-01,-4.475111e-02,9.940957e-02
7.700000e+00,3.932700e-02,1.606814e-01,-4.274815e-02,-1.116201e-01
7.710000e+00,-5.868237e-03,-4.871689e-03,2.203556e-02,5.152918e-02
7.720000e+00,2.709958e-02,-2.693807e-02,1.410089e-02,4.233554e-02
7.730000e+00,4.551773e-02,-8.337072e-02,4.350278e-04,1.502748e-01
7.740000e+00,-1.512695e-02,1.522506e-01,1.023153e-02,1.918799e-01
7.750000e+00,2.831505e-02,-1.621323e-01,-2.054759e-01,1.260323e-01
7.760000e+00,-3.531906e-02,-8.809328e-02,1.308859e-01,-1.173906e-01
7.770000e+00,-5.030090e-02,-4.529602e-02,6.129244e-02,-1.684476e-01
7.780000e+00,-4.939369e-02,-1.104062e-01,-4.243258e-02,-1.389328e-01
7.790000e+00,9.582026e-03,-1.235132e-01,-6.596254e-02,6.775740e-02
7.800000e+00,-9.932693e-02,6.931949e-02,-6.950995e-02,-5.763862e-02
7.810000e+00,-6.819410e-02,-8.398649e-03,-1.684169e-01,-1.118162e-01
7.820000e+00,-1.040570e-02,-5.003187e-02,-2.530168e-02,-2.339576e-02
7.830000e+00,3.739334e-02,-2.705141e-02,1.188558e-01,-1.497055e-02
7.840000e+00,-1.883804e-02,-1.207610e-02,-1.568320e-01,-1.406653e-01
7.850000e+00,1.357926e-03,-9.625334e-02,-1.749887e-01,-1.958218e-03
7.860000e+00,-6.139013e-02,-2.248337e-02,-2.874552e-03,-1.134015e-01
7.870000e+00,-1.505641e-01,-8.737513e-02,-1.352794e-01,-8.791702e-02
7.880000e+00,-5.881251e-02,7.954036e-02,-2.917663e-02,8.595912e-02
7.890000e+00,-5.769357e-02,4.760280e-02,-7.557832e-02,-5.781214e-02
7.900000e+00,1.445687e-01,-3.602973e-02,4.272484e-02,-7.410400e-02
7.910000e+00,1.039547e-01,3.181632e-02,-4.356753e-02,1.457888e-01
7.920000e+00,5.247832e-02,-8.646108e-02,1.174582e-02,9.859763e-02
7.930000e+00,1.237750e-01,-6.234328e-02,4.162092e-02,3.935487e-02
7.940000e+00,9.687060e-03,-6.338546e-02,4.005309e-02,2.709398e-02
7.950000e+00,-5.541825e-02,1.944760e-02,4.794482e-02,-9.481118e-02
7.960000e+00,8.729159e-02,4.096682e-03,-2.975705e-02,-7.215013e-02
7.970000e+00,-6.638860e-02,-2.040342e-01,-2.473685e-01,7.455006e-02
7.980000e+00,-7.663367e-02,-9.925467e-02,2.480383e-02,2.081248e-03
7.990000e+00,5.566162e-02,-5.001504e-02,-9.333069e-02,-5.801685e-02
8.000000e+00,-5.675851e-02,-2.273136e-02,5.277476e-02,2.032043e-01
8.010000e+00,-1.028136e-01,-5.254021e-02,-1.330373e-01,-6.279284e-02
8.020000e+00,-7.731239e-02,6.425376e-02,1.020000e-01,-7.061231e-02
8.030000e+00,-6.235817e-02,1.284111e-01,-9.052535e-02,-5.322739e-02
8.040000e+00,-1.357706e-01,9.954818e-02,-6.597688e-02,-2.423307e-01
8.050000e+00,-7.287034e-02,3.753839e-02,3.942554e-02,4.862933e-02
8.060000e+00,5.403982e-02,1.071067e-01,2.341432e-01,1.020746e-01
8.070000e+00,2.178251e-01,1.171248e-01,-9.491372e-02,5.007402e-02
8.080000e+00,-5.741038e-02,5.435516e-02,1.785697e-01,-1.237563e-01
8.090000e+00,6.116738e-02,1.984397e-01,4.866678e-02,-1.279728e-01
8.100000e+00,1.793011e-01,-2.639544e-02,-8.966675e-02,8.367783e-02
8.110000e+00,-2.997196e-04,3.370231e-02,7.605125e-02,-6.734262e-02
8.120000e+00,-3.667548e-02,-4.660195e-02,2.181611e-02,1.119662e-01
8.130000e+00,2.225648e-02,-6.465230e-02,-4.735563e-02,-1.168394e-01
8.140000e+00,2.203794e-02,-9.905825e-02,-4.406857e-02,5.027707e-02
8.150000e+00,-8.101990e-02,-7.721290e-02,-2.054939e-01,-9.970767e-02
8.160000e+00,1.259939e-02,-1.294096e-01,-1.642965e-02,-5.677325e-02
8.170000e+00,-5.804983e-02,-3.117118e-02,5.272843e-02,-7.105086e-02
8.180000e+00,-1.085117e-01,-7.176066e-02,2.610963e-02,1.219689e-01
8.190000e+00,1.304956e-02,1.546737e-01,-3.353259e-02,7.683529e-02
8.200000e+00,9.109699e-02,5.177295e-02,1.061722e-01,1.619898e-02
8.210000e+00,6.095384e-02,-1.944382e-01,-3.997162e-02,1.255825e-01
8.220000e+00,1.342838e-03,1.158656e-01,6.125697e-02,-9.893994e-02
8.230000e+00,7.143303e-02,-5.441343e-02,-1.161007e-01,-1.746580e-01
8.240000e+00,1.090641e-01,-1.587797e-01,-1.962422e-02,4.052550e-02
8.250000e+00,-1.294116e-02,5.213834e-02,2.831289e-02,3.009285e-03
8.260000e+00,-3.165156e-02,1.215408e-01,7.180868e-02,3.780116e-03
8.270000e+00,7.228446e-02,2.820594e-02,3.559267e-03,-9.556214e-02
8.280000e+00,2.722067e-04,3.943791e-02,3.400806e-02,6.782233e-02
8.290000e+00,1.879652e-01,-8.077796e-02,1.253066e-01,4.693474e-02
8.300000e+00,-1.285051e-01,-1.588798e-02,1.241186e-01,-1.351495e-01
8.310000e+00,-1.482636e-01,-1.076205e-02,-5.660929e-02,-7.307261e-03
8.320000e+00,-1.052063e-01,-2.402718e-02,2.316764e-02,1.180214e-01
8.330000e+00,1.494123e-02,7.240367e-02,1.544427e-01,-1.209125e-02
8.340000e+00,-4.755841e-03,-7.820589e-02,1.640937e-02,1.997627e-01
8.350000e+00,-2.276356e-02,-3.313059e-02,2.863793e-03,4.407371e-03
8.360000e+00,9.463985e-02,-4.564437e-02,1.416002e-01,-2.740438e-02
8.370000e+00,-1.422090e-02,4.061568e-02,8.892218e-02,-1.309000e-01
8.380000e+00,5.263464e-02,1.250312e-01,-6.598562e-02,-6.298345e-04
8.390000e+00,1.637548e-01,1.767708e-01,1.029739e-04,5.705773e-02
8.400000e+00,1.168152e-01,2.082981e-01,-1.126819e-01,1.860282e-01
8.410000e+00,-4.777593e-02,-1.013120e-01,-2.514194e-02,-8.366628e-02
8.420000e+00,2.229659e-01,-7.396074e-02,8.959688e-02,-2.362784e-02
8.430000e+00,9.817343e-02,1.933691e-01,-1.290774e-01,5.167380e-03
8.440000e+00,2.412944e-02,3.670215e-02,1.018956e-01,3.098102e-02
8.450000e+00,-1.055199e-01,-5.610559e-02,-3.868849e-02,4.047747e-02
8.460000e+00,1.712391e-01,1.392977e-01,-7.000393e-02,1.454855e-01
8.470000e+00,-1.021788e-02,-1.561849e-01,-7.370096e-02,6.860519e-02
8.480000e+00,-1.045175e-02,-4.720370e-02,-2.132307e-01,-5.844694e-02
8.490000e+00,3.863624e-03,-9.457150e-02,-9.679718e-03,2.378817e-01
8.500000e+00,2.352049e-02,1.111013e-01,-1.154568e-01,-5.748680e-02
8.510000e+00,2.221899e-01,1.948949e-01,-1.681668e-01,4.007057e-02
8.520000e+00,1.361559e-01,7.340933e-02,-7.465088e-04,1.468568e-01
8.530000e+00,-7.139879e-03,1.489373e-01,-5.899489e-02,1.536515e-01
8.540000e+00,1.598316e-01,1.555840e-01,-4.016965e-02,-1.032149e-01
8.550000e+00,-3.429132e-02,6.890082e-02,1.218061e-02,-1.948515e-02
8.560000e+00,-1.058030e-01,-5.160372e-02,1.619999e-02,-7.968205e-02
8.570000e+00,-4.469974e-02,9.004345e-02,-3.524391e-02,-1.620067e-02
8.580000e+00,-5.984955e-02,3.226532e-02,-2.876141e-02,-1.774217e-02
8.590000e+00,-1.161930e-02,-1.127320e-01,-4.001288e-02,-1.294965e-01
8.600000e+00,-6.026846e-03,-5.657993e-02,-2.586563e-02,3.570092e-02
8.610000e+00,8.345380e-02,1.488626e-01,-9.377247e-02,3.984211e-02
8.620000e+00,-6.967204e-02,-1.159687e-01,-1.309694e-01,-2.161928e-02
8.630000e+00,1.008423e-01,3.166965e-02,-1.127487e-01,-4.672639e-02
8.640000e+00,-2.982428e-02,-7.683937e-02,5.256904e-02,-3.593958e-02
8.650000e+00,5.198797e-02,5.530135e-02,3.296064e-04,-2.237476e-01
8.660000e+00,1.846674e-01,-9.911677e-02,8.977433e-02,-1.194328e-01
8.670000e+00,1.438712e-02,-1.263503e-01,1.177891e-01,-9.313556e-02
8.680000e+00,5.093957e-02,2.149230e-02,-7.657737e-02,1.311645e-02
8.690000e+00,-6.861063e-02,-8.928593e-02,-1.058718e-01,2.028604e-02
8.700000e+00,2.397205e-02,1.302537e-01,-1.862657e-01,-4.395695e-02
8.710000e+00,-7.810172e-02,5.144987e-02,-2.131061e-02,5.642179e-02
8.720000e+00,-1.640557e-02,-3.478077e-02,6.893255e-02,2.326969e-02
8.730000e+00,-7.001097e-02,-3.530911e-02,1.496254e-01,8.342222e-02
8.740000e+00,9.785962e-03,-2.004713e-01,7.414414e-03,-5.888523e-03
8.750000e+00,-8.735360e-02,-1.693302e-03,-4.666993e-02,7.535726e-03
8.760000e+00,8.644433e-02,2.177455e-01,2.184042e-02,6.020356e-02
8.770000e+00,2.710666e-02,3.014381e-02,-8.236600e-02,1.189942e-03
8.780000e+00,-1.275564e-01,-1.030618e-01,8.874050e-03,1.051337e-01
8.790000e+00,-1.952307e-01,3.285192e-02,-8.268821e-03,-6.403905e-02
8.800000e+00,-1.497761e-01,7.226023e-02,-1.240286e-01,4.410601e-02
8.810000e+00,-9.267373e-02,-1.328943e-01,-3.382385e-02,-1.680912e-02
8.820000e+00,-4.164090e-04,5.207379e-02,4.607443e-02,4.167214e-02
8.830000e+00,3.902246e-02,1.422165e-01,1.422883e-01,-8.536659e-02
8.840000e+00,-1.203136e-01,2.222068e-02,5.485107e-02,7.807315e-02
8.850000e+00,-1.786030e-01,-3.064207e-02,1.940759e-01,-2.424601e-01
8.860000e+00,-4.915826e-02,-1.020150e-01,-6.953678e-02,-7.096356e-02
8.870000e+00,-1.702530e-01,6.433556e-03,1.833543e-02,2.147219e-01
8.880000e+00,-2.330685e-02,-1.016653e-01,-1.685923e-02,1.638559e-01
8.890000e+00,-1.149900e-01,-3.377526e-02,1.458070e-02,5.223115e-03
8.900000e+00,4.511861e-02,-4.221447e-02,-1.078002e-01,-1.025595e-01
8.910000e+00,-6.326188e-02,-5.290092e-03,-1.050931e-02,-5.994908e-02
8.920000e+00,7.277917e-03,4.599634e-02,-3.170287e-02,-7.000823e-02
8.930000e+00,-9.586336e-02,-4.267931e-02,-3.749184e-02,5.448090e-02
8.940000e+00,1.741230e-01,6.417744e-03,-3.658944e-02,1.629201e-01
8.950000e+00,9.210115e-03,-1.719193e-01,-2.599016e-02,-1.513196e-02
8.960000e+00,-2.707464e-02,9.969759e-02,7.227600e-04,-6.860033e-03
8.970000e+00,-1.320438e-01,-9.966993e-02,1.294288e-01,-1.745362e-02
8.980000e+00,3.462072e-02,-2.859854e-02,-3.806574e-02,1.233809e-01
8.990000e+00,-1.088463e-01,1.646436e-02,-6.902869e-04,-2.948241e-02
9.000000e+00,-1.161762e-01,8.897176e-02,-1.648493e-01,3.004884e-02
9.010000e+00,-7.014438e-02,-8.061586e-02,1.845371e-02,-1.018096e-01
9.020000e+00,-6.593940e-02,2.172947e-03,7.923399e-03,7.212715e-02
9.030000e+00,-6.163362e-02,-5.928108e-02,-6.485042e-02,-1.259324e-01
9.040000e+00,1.666344e-01,-1.092049e-01,3.687143e-02,4.425368e-02
9.050000e+00,6.538360e-02,-4.129990e-03,-2.881333e-02,-9.516452e-02
9.060000e+00,1.361889e-01,-1.754808e-02,-2.729117e-02,3.107429e-01
9.070000e+00,-2.673446e-01,-4.559848e-03,-1.130693e-01,2.355411e-02
9.080000e+00,-2.710673e-02,-1.035318e-01,8.758881e-02,-8.258524e-02
9.090000e+00,-1.443443e-02,-5.192725e-02,-9.236729e-02,-2.143978e-02
9.100000e+00,-3.174057e-02,3.283858e-02,1.064275e-02,1.261795e-01
9.110000e+00,1.653961e-01,6.897994e-02,1.175719e-02,2.101373e-04
9.120000e+00,-5.120345e-02,-2.751114e-02,7.171033e-02,-1.575425e-01
9.130000e+00,-8.049694e-02,1.985471e-01,7.377625e-02,7.917880e-02
9.140000e+00,3.232397e-02,-1.020993e-01,-1.356559e-01,-2.118265e-02
9.150000e+00,-1.239856e-01,-1.345207e-01,1.289239e-01,-9.545139e-02
9.160000e+00,1.632435e-01,1.630243e-01,5.721535e-02,1.390267e-01
9.170000e+00,1.014998e-01,-9.319100e-02,-9.508049e-02,1.839713e-02
9.180000e+00,2.335767e-01,-1.935403e-02,-9.909241e-02,-1.078914e-01
9.190000e+00,5.593072e-02,-9.958837e-02,-4.107082e-02,1.640310e-01
9.200000e+00,2.095657e-02,-1.177824e-01,-5.370432e-02,1.098079e-01
9.210000e+00,1.243555e-01,-7.778077e-02,9.643057e-02,-1.326959e-01
9.220000e+00,1.401683e-02,-1.671817e-02,1.017458e-01,2.158440e-02
9.230000e+00,-1.459482e-03,-4.520021e-02,2.101208e-02,7.689266e-02
9.240000e+00,-9.391351e-02,8.629829e-02,1.025194e-01,-7.714535e-02
9.250000e+00,-7.694150e-02,-4.226927e-02,1.086649e-02,3.942580e-02
9.260000e+00,-3.230404e-03,1.264971e-01,1.325459e-01,-1.326930e-02
9.270000e+00,6.666166e-02,-8.264999e-02,1.217478e-01,-2.249406e-02
9.280000e+00,9.830695e-02,-1.563612e-01,-1.269892e-01,-1.048563e-01
9.290000e+00,-6.503433e-02,2.908478e-02,8.351583e-02,1.334464e-01
9.300000e+00,-4.680351e-02,1.316285e-01,3.668410e-02,4.695020e-02
9.310000e+00,-8.795758e-02,-2.367390e-02,-2.208823e-02,-5.173455e-03
9.320000e+00,-1.244020e-01,1.231430e-01,8.397742e-02,1.892021e-02
9.330000e+00,2.968574e-02,-2.473559e-02,-4.511937e-02,1.409393e-01
9.340000e+00,-2.940375e-02,-6.365650e-02,-5.669468e-02,-2.404690e-02
9.350000e+00,1.340363e-01,-1.242248e-01,5.653722e-02,-7.011396e-02
9.360000e+00,-4.268507e-02,1.066919e-01,-1.070308e-02,3.917927e-02
9.370000e+00,8.783051e-02,-1.299577e-01,9.450655e-03,8.950708e-02
9.380000e+00,-5.074057e-02,-3.299708e-02,1.146197e-01,-3.946595e-02
9.390000e+00,4.558414e-02,-7.830042e-02,-4.966100e-02,-1.293970e-01
9.400000e+00,1.234643e-01,-7.768877e-02,2.406546e-02,-1.724233e-01
9.410000e+00,-1.814863e-02,-2.873275e-02,7.666362e-02,-1.142412e-01
9.420000e+00,2.218351e-02,1.397174e-02,-1.166303e-01,1.524993e-01
9.430000e+00,-2.629110e-01,2.324558e-02,1.018648e-02,9.797051e-02
9.440000e+00,-4.673819e-02,-8.479994e-02,-1.706439e-02,-1.180397e-01
9.450000e+00,2.039214e-02,3.372734e-02,4.562694e-02,-1.982680e-02
9.460000e+00,1.143019e-02,5.115043e-02,2.610649e-02,3.008808e-02
9.470000e+00,1.666153e-01,-1.436977e-02,2.814572e-03,-6.711234e-02
9.480000e+00,3.444840e-02,-2.306753e-02,-8.223560e-02,3.208139e-02
9.490000e+00,2.227700e-04,-1.212616e-01,9.224177e-02,-7.264482e-02
9.500000e+00,5.259373e-02,3.069675e-02,1.491938e-01,-1.121587e-01
9.510000e+00,-1.288865e-01,1.642813e-01,4.914111e-02,-9.693228e-02
9.520000e+00,-4.640756e-02,7.458282e-02,8.443512e-02,6.028672e-02
9.530000e+00,5.003208e-02,-1.182848e-02,4.733208e-03,-4.410660e-02
9.540000e+00,-2.292252e-02,5.732262e-02,-3.953165e-02,-3.929246e-02
9.550000e+00,-2.390117e-01,1.818636e-02,1.797376e-02,-4.615751e-03
9.560000e+00,7.267244e-02,5.696747e-02,-1.553569e-01,-9.845988e-02
9.570000e+00,-1.364809e-01,1.200888e-02,1.658409e-01,-5.477109e-02
9.580000e+00,-1.259134e-01,6.409592e-04,9.296837e-02,6.471211e-02
9.590000e+00,4.291817e-02,1.586706e-01,-1.833602e-01,9.849379e-02
9.600000e+00,-2.394627e-02,1.200729e-02,-1.313606e-01,-3.884276e-03
9.610000e+00,-7.758954e-02,6.353445e-02,5.745816e-02,2.213133e-02
9.620000e+00,-1.576178e-01,7.749789e-02,-1.617750e-02,-7.829732e-02
9.630000e+00,-6.188854e-02,1.323937e-01,-3.121930e-03,-4.894774e-02
9.640000e+00,-2.183875e-01,-1.586380e-02,-1.602903e-01,-4.146929e-02
9.650000e+00,3.581065e-02,6.255065e-02,1.247390e-02,5.155641e-02
9.660000e+00,-7.199206e-03,6.265128e-03,1.797929e-02,-2.557826e-02
9.670000e+00,-1.302379e-01,-4.858733e-02,6.343629e-02,1.137616e-01
9.680000e+00,-1.941173e-02,-1.051391e-02,-1.473438e-01,-1.029550e-01
9.690000e+00,2.940299e-01,6.014648e-02,1.019546e-01,2.944110e-02
9.700000e+00,2.264536e-02,-7.499847e-02,-1.062338e-01,-6.538396e-02
9.710000e+00,4.016490e-02,1.580457e-01,5.981443e-03,1.871147e-03
9.720000e+00,1.613363e-01,1.881016e-01,1.512601e-01,1.133200e-02
9.730000e+00,3.892965e-02,-7.318043e-02,1.328792e-01,-2.153431e-01
9.740000e+00,1.281548e-03,-3.496444e-02,3.874969e-02,-2.154595e-02
9.750000e+00,7.558085e-03,4.589008e-02,1.061215e-01,-7.004694e-02
9.760000e+00,3.222473e-02,4.001832e-02,-1.153255e-01,1.960485e-01
9.770000e+00,1.073888e-01,1.382314e-01,8.233699e-02,1.039077e-01
9.780000e+00,3.038320e-02,-7.404824e-03,9.129482e-02,-1.725545e-02
9.790000e+00,1.175162e-01,1.591605e-01,-1.029849e-01,-5.869773e-02
9.800000e+00,-1.064676e-02,-8.376054e-02,1.383292e-02,-2.242727e-02
9.810000e+00,8.301634e-02,7.776742e-03,2.857681e-01,2.330863e-02
9.820000e+00,-5.169323e-02,3.209319e-02,9.611183e-02,1.014274e-01
9.830000e+00,8.558967e-02,-9.694304e-02,1.244222e-01,-9.713074e-03
9.840000e+00,-1.172275e-01,5.667516e-03,6.063940e-02,8.324520e-02
9.850000e+00,-4.515805e-02,-2.676660e-02,-1.158480e-01,-3.041066e-02
9.860000e+00,-5.033137e-02,8.552226e-02,-1.899552e-01,1.148331e-01
9.870000e+00,1.806463e-01,5.432375e-02,-8.082911e-03,-4.518832e-02
9.880000e+00,-1.010002e-01,1.851324e-01,-1.016404e-01,-1.115939e-01
9.890000e+00,-1.237567e-01,9.936901e-02,-1.445161e-01,1.134254e-01
9.900000e+00,2.692630e-02,1.005056e-02,-1.392473e-02,9.266247e-02
9.910000e+00,-1.205078e-01,-1.920747e-01,4.314092e-02,-5.270295e-02
9.920000e+00,-1.047422e-01,-1.334126e-02,2.252389e-01,-5.960338e-02
9.930000e+00,4.712932e-02,-7.709562e-02,-4.601786e-02,1.375116e-01
9.940000e+00,2.855043e-02,2.387647e-01,8.989567e-03,-3.105363e-02
9.950000e+00,1.343779e-01,7.496111e-03,2.607550e-01,1.892806e-02
9.960000e+00,3.831561e-02,3.733426e-02,-1.037748e-01,1.152738e-01
9.970000e+00,1.437967e-01,3.933189e-02,2.525316e-02,2.694640e-03
9.980000e+00,8.021017e-02,-1.147249e-02,-2.671655e-02,-9.611363e-02
9.990000e+00,1.631052e-01,-1.831243e-01,1.316923e-01,-2.790220e-02
1.000000e+01,1.315765e-02,2.089265e-01,1.111455e-02,1.151919e-01
