tticks,x1ticks,x2ticks,x3ticks,uticks
0.000000e+00,-1.177949e+00,4.137717e-02,-2.511614e+00,-5.184372e+00
1.000000e-02,2.696469e+00,1.556885e+00,9.278712e-02,-5.147125e+00
2.000000e-02,-3.197441e-02,3.663145e+00,-1.691578e+00,-5.288523e+00
3.000000e-02,-1.733583e+00,1.459819e+00,-1.454025e+00,-5.125648e+00
4.000000e-02,-1.574323e+00,1.585553e+00,3.751651e+00,-5.167952e+00
5.000000e-02,2.210375e+00,-3.657896e-01,2.534122e+00,-5.161568e+00
6.000000e-02,9.986206e-01,-1.473114e+00,-6.546186e-01,-5.085043e+00
7.000000e-02,8.694992e-01,-4.074324e+00,-2.739525e+00,-5.075899e+00
8.000000e-02,-2.811760e+00,8.158401e-01,-2.213545e+00,-5.054679e+00
9.000000e-02,2.809605e+00,-2.751239e+00,4.392180e+00,-4.726610e+00
1.000000e-01,2.617397e-02,-5.509807e+00,-5.535809e-01,-4.893042e+00
1.100000e-01,1.175555e+00,2.550692e+00,2.644661e-01,-4.796879e+00
1.200000e-01,3.121286e+00,-1.438948e-01,-2.561956e-01,-4.765383e+00
1.300000e-01,-2.141774e+00,8.698454e-01,2.039005e+00,-4.925262e+00
1.400000e-01,1.202545e+00,-2.390349e+00,-1.967507e+00,-4.908204e+00
1.500000e-01,-2.488760e+00,-4.276851e-01,-1.919851e+00,-4.988122e+00
1.600000e-01,-3.735112e+00,2.893602e-01,-4.135922e+00,-4.879305e+00
1.700000e-01,3.012271e+00,4.721679e+00,-3.601061e+00,-4.769957e+00
1.800000e-01,4.642135e-01,1.410052e+00,1.601874e-01,-4.709357e+00
1.900000e-01,1.208983e+00,-1.478191e+00,-6.012770e-01,-4.625656e+00
2.000000e-01,-1.807062e+00,-6.066016e-01,1.188528e+00,-4.600248e+00
2.100000e-01,1.047334e+00,-2.337340e+00,-1.514287e+00,-4.691903e+00
2.200000e-01,-1.351792e+00,2.295779e+00,5.130503e-01,-4.562115e+00
2.300000e-01,1.320208e+00,-8.166215e-01,1.119908e+00,-4.311420e+00
2.400000e-01,-1.509472e+00,2.813711e+00,3.585196e+00,-4.471412e+00
2.500000e-01,1.091674e+00,-6.084249e-01,-6.488246e-01,-4.489140e+00
2.600000e-01,6.021361e+00,-2.216265e-01,-8.600145e-01,-4.377830e+00
2.700000e-01,2.052007e+00,-2.282895e+00,-2.934184e-01,-4.273941e+00
2.800000e-01,-6.805227e-01,-1.700881e+00,-3.275857e-01,-4.301793e+00
2.900000e-01,-1.891722e-01,2.322775e+00,-8.464625e-01,-4.260997e+00
3.000000e-01,-2.881662e+00,2.145351e+00,3.446347e+00,-4.207809e+00
3.100000e-01,5.340053e-01,-1.643455e-01,2.106772e+00,-4.009001e+00
3.200000e-01,2.525574e+00,2.447806e+00,-1.586610e+00,-3.999251e+00
3.300000e-01,2.733561e+00,5.431228e-01,1.238813e+00,-4.114520e+00
3.400000e-01,-1.030565e+00,-2.878067e+00,2.111434e+00,-4.069507e+00
3.500000e-01,1.075863e+00,-1.964183e+00,-2.462307e+00,-4.125077e+00
3.600000e-01,9.471724e-01,-1.652207e+00,-2.755565e+00,-3.792191e+00
3.700000e-01,4.213430e-01,-7.854424e-01,-1.229215e+00,-3.872218e+00
3.800000e-01,-1.178156e+00,4.019346e-01,-2.100870e-02,-3.841723e+00
3.900000e-01,-1.217448e+00,3.589332e-01,-2.530646e-01,-3.755466e+00
4.000000e-01,3.119628e-01,-1.397774e+00,-7.215000e-01,-3.860643e+00
4.100000e-01,-5.768268e-01,6.274113e-01,-9.061941e-02,-3.779083e+00
4.200000e-01,-5.961593e-01,-2.200922e+00,-2.504553e+00,-3.624639e+00
4.300000e-01,1.419091e+00,6.256529e-01,-2.347247e+00,-3.632452e+00
4.400000e-01,1.801743e+00,-3.973901e+00,2.290942e-01,-3.764317e+00
4.500000e-01,1.843895e-01,-3.693937e-01,-9.143955e-01,-3.592545e+00
4.600000e-01,9.528939e-01,1.868629e+00,-1.368690e+00,-3.445998e+00
4.700000e-01,2.921406e+00,2.580444e-01,-4.090912e+00,-3.322916e+00
4.800000e-01,-9.271346e-01,2.875199e+00,-5.039681e-02,-3.380119e+00
4.900000e-01,1.077581e+00,-5.896831e-01,3.101120e-01,-3.333070e+00
5.000000e-01,1.350496e+00,3.541819e-01,-3.410722e+00,-3.354942e+00
5.100000e-01,-2.151526e-01,-9.986763e-01,-9.054173e-01,-3.244785e+00
5.200000e-01,-1.963880e-01,-6.239516e-01,-5.349013e-01,-3.170956e+00
5.300000e-01,2.559260e-01,1.389699e+00,1.225656e+00,-3.276348e+00
5.400000e-01,-1.290173e+00,7.509769e-01,-2.028887e+00,-3.039819e+00
5.500000e-01,3.388395e+00,-3.272341e+00,-1.815552e+00,-3.273688e+00
5.600000e-01,3.060053e-01,-2.567522e-01,-2.178930e+00,-3.072092e+00
5.700000e-01,-1.310703e+00,1.002764e+00,-4.202465e+00,-3.052168e+00
5.800000e-01,-3.841645e-01,-1.106388e+00,-3.239621e-01,-2.824868e+00
5.900000e-01,3.354493e+00,-2.204901e+00,2.003468e-01,-2.984345e+00
6.000000e-01,-3.455862e+00,3.821683e-01,-2.139609e+00,-2.590120e+00
6.100000e-01,1.387262e+00,1.400729e+00,-2.451895e+00,-2.905889e+00
6.200000e-01,2.079043e+00,2.007373e+00,-2.921759e+00,-2.913906e+00
6.300000e-01,1.855216e+00,5.126219e+00,-8.551907e-01,-2.570949e+00
6.400000e-01,-2.593543e+00,2.250436e+00,1.802201e+00,-2.771615e+00
6.500000e-01,4.051671e+00,9.274450e-01,-6.370511e+00,-2.760193e+00
6.600000e-01,-3.527882e-01,1.110942e+00,-5.187917e+00,-2.684777e+00
6.700000e-01,8.954544e-01,1.632492e+00,1.758407e+00,-2.765883e+00
6.800000e-01,-1.014477e+00,1.189034e+00,-1.927320e+00,-2.777935e+00
6.900000e-01,1.827601e-01,-6.647914e-01,-5.487714e-01,-2.662171e+00
7.000000e-01,-2.596653e+00,-3.754557e+00,2.064514e+00,-2.557011e+00
7.100000e-01,-4.839989e-01,-5.460404e-02,2.793520e+00,-2.416226e+00
7.200000e-01,-1.405385e+00,-3.210420e+00,-3.373826e-01,-2.376891e+00
7.300000e-01,-2.927362e-01,-4.800167e-01,9.841411e-01,-2.418613e+00
7.400000e-01,9.944162e-01,-1.167815e+00,4.211043e-03,-2.314970e+00
7.500000e-01,4.053977e-01,-4.617540e-01,6.063551e-01,-2.140391e+00
7.600000e-01,2.276542e+00,3.251557e+00,-1.159435e+00,-2.308680e+00
7.700000e-01,5.026115e-01,2.407943e+00,-3.542277e+00,-2.247158e+00
7.800000e-01,-5.450241e+00,4.035389e+00,8.200496e-01,-2.345136e+00
7.900000e-01,-7.587981e-01,-9.763700e-01,9.437257e-01,-2.164728e+00
8.000000e-01,2.621583e+00,-3.878181e+00,-1.211056e+00,-2.370648e+00
8.100000e-01,2.477492e+00,2.615687e+00,-1.555475e+00,-2.262132e+00
8.200000e-01,4.439201e+00,8.953350e-01,-3.410313e+00,-2.287614e+00
8.300000e-01,-1.287091e+00,2.716211e-01,-1.479438e+00,-2.230011e+00
8.400000e-01,3.083251e+00,-2.788658e+00,-1.604442e+00,-1.945877e+00
8.500000e-01,6.268535e-01,5.256307e-02,-1.134957e+00,-2.141029e+00
8.600000e-01,1.752145e+00,-1.954037e+00,3.122859e+00,-2.137371e+00
8.700000e-01,9.314884e-01,-5.152673e-01,4.074970e-01,-1.964469e+00
8.800000e-01,1.172584e+00,-1.687428e+00,-1.176811e+00,-2.075526e+00
8.900000e-01,7.405805e-01,-1.230578e+00,2.990304e-01,-1.986625e+00
9.000000e-01,-6.608247e-01,3.321613e+00,2.923864e-01,-1.938967e+00
9.100000e-01,-4.731564e+00,4.051767e+00,2.126323e+00,-2.058376e+00
9.200000e-01,-2.341473e+00,-1.243694e+00,1.505327e+00,-1.983232e+00
9.300000e-01,-2.987060e+00,-1.224318e+00,1.779171e+00,-1.730455e+00
9.400000e-01,-7.475291e-01,1.347416e+00,3.839413e-02,-1.887998e+00
9.500000e-01,-4.917066e+00,1.565282e+00,4.641705e-01,-1.787984e+00
9.600000e-01,9.890638e-01,-3.437840e+00,1.931764e+00,-1.728938e+00
9.700000e-01,2.294393e+00,-1.758002e+00,-1.073549e-01,-1.778102e+00
9.800000e-01,-2.878503e+00,-2.522151e+00,-3.566567e+00,-1.802688e+00
9.900000e-01,-2.206590e-04,8.509414e-01,7.262340e-02,-1.665138e+00
1.000000e+00,-8.197103e-01,2.578048e+00,-2.259931e+00,-1.901697e+00
1.010000e+00,-7.465151e-01,-9.113285e-01,-4.364807e-01,-1.632462e+00
1.020000e+00,1.930432e+00,1.153909e+00,-1.287683e+00,-1.947811e+00
1.030000e+00,-2.258417e-01,-1.680179e+00,-1.724343e+00,-1.843554e+00
1.040000e+00,-9.562626e-01,-1.065473e+00,2.111486e+00,-1.740193e+00
1.050000e+00,-2.067608e+00,2.560908e+00,-1.070041e+00,-1.687094e+00
1.060000e+00,4.640243e-01,2.951864e-01,-2.613787e-01,-1.825161e+00
1.070000e+00,8.577099e-01,1.044945e+00,-1.052117e-01,-1.563937e+00
1.080000e+00,4.644001e-01,1.724872e+00,-3.256573e+00,-1.632660e+00
1.090000e+00,9.816695e-01,-2.358284e+00,2.201907e+00,-1.718592e+00
1.100000e+00,1.776542e+00,1.645319e+00,-5.568142e-01,-1.711335e+00
1.110000e+00,2.396237e+00,-1.712905e+00,1.437995e+00,-1.671456e+00
1.120000e+00,-1.001260e+00,1.936539e+00,3.290175e-01,-1.642582e+00
1.130000e+00,4.194402e-01,1.750548e+00,2.133207e+00,-1.554825e+00
1.140000e+00,1.193302e+00,2.705963e+00,-1.792193e+00,-1.531794e+00
1.150000e+00,3.441688e-01,7.956994e-01,-3.841714e+00,-1.570155e+00
1.160000e+00,9.517431e-01,1.487697e+00,-1.308504e+00,-1.504309e+00
1.170000e+00,-1.917356e+00,-1.034630e+00,-1.568138e+00,-1.546355e+00
1.180000e+00,1.539460e+00,-3.224406e+00,-2.773744e+00,-1.448371e+00
1.190000e+00,-7.892302e-01,-1.195408e+00,2.175321e+00,-1.295295e+00
1.200000e+00,-1.504636e-01,1.323520e+00,1.752717e+00,-1.350675e+00
1.210000e+00,4.316160e+00,-1.085212e+00,1.514936e+00,-1.465219e+00
1.220000e+00,5.097912e-02,1.348821e-01,-4.027278e+00,-1.395488e+00
1.230000e+00,8.619943e-01,2.131241e+00,-3.852043e+00,-1.412920e+00
1.240000e+00,-4.972629e+00,3.179554e+00,3.063990e+00,-1.426771e+00
1.250000e+00,2.084140e+00,-2.853958e-01,-3.385910e-02,-1.402306e+00
1.260000e+00,3.587382e+00,-1.870277e+00,8.977585e-01,-1.245468e+00
1.270000e+00,-2.209576e+00,-1.612154e+00,-9.192672e-01,-1.400440e+00
1.280000e+00,-2.531047e-01,3.833593e+00,-3.797768e+00,-1.313680e+00
1.290000e+00,-1.343089e+00,-4.003497e+00,-3.120640e-01,-1.258466e+00
1.300000e+00,-3.999467e+00,3.147267e-01,-7.507013e-01,-1.413229e+00
1.310000e+00,-2.639848e+00,-8.010016e-01,5.441847e+00,-1.449278e+00
1.320000e+00,1.189034e-01,-3.100191e-01,-2.612675e+00,-1.207547e+00
1.330000e+00,2.544486e-01,-3.854518e+00,-9.905743e-01,-1.234968e+00
1.340000e+00,1.660323e+00,-3.200050e+00,-2.212980e+00,-1.316673e+00
1.350000e+00,-5.112068e-01,3.204752e+00,3.983836e+00,-1.137402e+00
1.360000e+00,-4.929160e-01,-3.805306e+00,1.305157e+00,-1.208679e+00
1.370000e+00,3.470249e+00,3.063604e+00,-2.733588e+00,-1.271100e+00
1.380000e+00,-1.327597e+00,-7.771326e-01,5.002563e-01,-1.263888e+00
1.390000e+00,-1.494478e+00,-6.292847e-01,-2.879487e+00,-1.259563e+00
1.400000e+00,1.263672e+00,-8.912146e-01,-8.415248e-01,-1.309061e+00
1.410000e+00,1.374056e+00,-2.057027e+00,6.210375e+00,-9.123842e-01
1.420000e+00,1.285269e-01,1.355818e+00,5.427885e-01,-1.407904e+00
1.430000e+00,2.363200e-01,-8.325083e-01,-2.427207e+00,-1.140799e+00
1.440000e+00,-1.233818e+00,6.851108e-01,3.312408e-01,-1.158051e+00
1.450000e+00,2.766797e+00,1.900985e+00,-1.575424e+00,-1.278439e+00
1.460000e+00,6.306752e-01,5.991682e-01,-2.306448e+00,-1.154168e+00
1.470000e+00,1.774234e+00,-1.813946e-01,-2.110599e+00,-1.090644e+00
1.480000e+00,2.547952e+00,2.615748e+00,8.735947e-02,-1.017058e+00
1.490000e+00,1.682164e+00,-2.586294e+00,1.472091e+00,-1.100182e+00
1.500000e+00,-4.162836e+00,-2.164975e+00,-3.056655e-01,-1.043775e+00
1.510000e+00,2.453872e+00,-4.997767e-01,-2.867424e+00,-9.166235e-01
1.520000e+00,-9.432093e-01,-3.991237e+00,-1.749426e+00,-1.095705e+00
1.530000e+00,3.925046e-01,1.131523e+00,3.573568e+00,-1.133821e+00
1.540000e+00,5.433075e-01,-1.336062e+00,-1.524950e+00,-1.211633e+00
1.550000e+00,-3.410614e+00,-8.285878e-01,-1.101255e+00,-9.730037e-01
1.560000e+00,3.373073e+00,-1.314471e+00,2.492573e+00,-1.101717e+00
1.570000e+00,8.318891e-01,4.062307e+00,-2.932596e+00,-8.982953e-01
1.580000e+00,1.649254e+00,-1.387913e+00,1.339282e+00,-1.026388e+00
1.590000e+00,-1.129631e-01,-1.440528e-01,-1.057934e+00,-1.039071e+00
1.600000e+00,1.274826e+00,-1.158019e+00,-1.660669e+00,-1.074262e+00
1.610000e+00,1.080403e-01,2.322717e-01,1.887537e+00,-1.061409e+00
1.620000e+00,-3.926498e-01,-1.152674e-02,1.591937e-01,-1.128844e+00
1.630000e+00,2.409857e+00,1.441895e+00,5.583151e-01,-9.330678e-01
1.640000e+00,3.687533e-02,-2.606756e+00,5.728711e-01,-1.028210e+00
1.650000e+00,-2.121693e+00,-8.351843e-01,3.224819e-01,-9.136155e-01
1.660000e+00,1.365663e+00,-3.920670e+00,-1.927188e+00,-1.141066e+00
1.670000e+00,-1.449839e+00,4.487003e-01,-2.562919e+00,-9.282085e-01
1.680000e+00,-1.120615e+00,1.863470e+00,9.710308e-01,-1.047718e+00
1.690000e+00,-9.867295e-01,7.526172e-01,-1.269398e+00,-1.105891e+00
1.700000e+00,2.511391e+00,-1.862771e+00,3.392452e+00,-9.644547e-01
1.710000e+00,4.638936e-01,9.741683e-01,-7.475473e-01,-8.713744e-01
1.720000e+00,-2.164995e+00,-1.217224e+00,6.758857e-01,-8.221959e-01
1.730000e+00,-5.183744e-01,-4.407385e-01,3.819711e+00,-7.947819e-01
1.740000e+00,1.411102e+00,9.186901e-01,-2.192294e-01,-9.502327e-01
1.750000e+00,-2.119862e-01,-3.523830e+00,6.277405e-01,-1.001802e+00
1.760000e+00,-8.591573e-01,-1.971911e+00,-5.233428e-01,-5.922389e-01
1.770000e+00,-4.338481e+00,-1.038285e+00,3.096786e+00,-9.466287e-01
1.780000e+00,-2.350332e+00,4.567066e-01,4.193461e-01,-9.554283e-01
1.790000e+00,1.310021e-01,-5.738659e-01,2.328618e+00,-8.297658e-01
1.800000e+00,-3.640273e+00,-4.315041e-01,-8.686251e-01,-9.791721e-01
1.810000e+00,-8.477444e-01,-1.113161e+00,-3.501207e+00,-9.314178e-01
1.820000e+00,-9.224386e-01,3.745538e+00,-1.775536e-01,-1.011434e+00
1.830000e+00,-1.284907e+00,5.749493e-01,2.412889e+00,-8.711838e-01
1.840000e+00,-1.823106e+00,-2.135023e+00,1.474365e+00,-9.579532e-01
1.850000e+00,1.924085e+00,7.814219e-01,-5.815905e-01,-7.989867e-01
1.860000e+00,-3.402255e+00,-4.581014e+00,-1.159973e-01,-8.127566e-01
1.870000e+00,1.675122e+00,1.815958e+00,-2.064695e+00,-8.977696e-01
1.880000e+00,-4.744941e-01,-4.629005e+00,1.368415e+00,-8.577344e-01
1.890000e+00,-4.208555e-01,1.159593e+00,-1.811568e+00,-8.703544e-01
1.900000e+00,1.473531e+00,-3.619262e+00,5.915391e-01,-7.896804e-01
1.910000e+00,1.180144e+00,-5.525129e-01,-2.483875e+00,-8.664820e-01
1.920000e+00,6.703591e+00,-2.851004e+00,8.160360e-02,-7.671297e-01
1.930000e+00,-2.791949e+00,3.851553e-01,3.213972e+00,-8.737269e-01
1.940000e+00,1.800801e+00,-1.504980e+00,1.516095e-01,-7.233445e-01
1.950000e+00,2.443976e+00,-1.025829e+00,7.565046e-01,-7.930354e-01
1.960000e+00,1.579263e+00,3.535755e+00,-6.718635e-01,-9.764973e-01
1.970000e+00,5.756068e-01,-2.213926e+00,-2.746257e+00,-7.454311e-01
1.980000e+00,1.449580e+00,1.692427e+00,2.606322e+00,-6.637348e-01
1.990000e+00,-5.701809e+00,-1.699979e+00,3.033230e+00,-6.258532e-01
2.000000e+00,1.800682e+00,-9.305377e-01,6.308071e-01,-7.242202e-01
2.010000e+00,9.262190e-01,2.578263e+00,7.096156e-01,-5.929118e-01
2.020000e+00,2.107321e+00,9.159160e-01,5.893338e-01,-6.663889e-01
2.030000e+00,-5.642978e-01,8.419704e-01,-3.019341e+00,-5.186717e-01
2.040000e+00,2.696158e-01,2.336531e+00,1.845873e-01,-6.980203e-01
2.050000e+00,-3.416052e-02,-1.321896e+00,1.434546e+00,-6.710099e-01
2.060000e+00,-2.959046e+00,-4.363035e-01,-2.680093e+00,-6.699099e-01
2.070000e+00,3.544347e+00,7.464062e-01,2.214804e+00,-6.522348e-01
2.080000e+00,-4.172461e+00,3.881564e-01,-1.918082e+00,-6.192909e-01
2.090000e+00,2.223864e-01,1.840788e+00,-3.050845e-01,-5.904148e-01
2.100000e+00,-1.442458e+00,-3.779718e+00,-1.910603e+00,-7.911760e-01
2.110000e+00,1.686015e+00,-1.989881e+00,-7.782884e-01,-8.168261e-01
2.120000e+00,2.849139e-01,-2.732220e+00,1.934696e+00,-5.474109e-01
2.130000e+00,-4.432953e+00,-3.331169e+00,-1.986394e+00,-5.793083e-01
2.140000e+00,3.018672e+00,1.152361e+00,8.097789e-01,-7.561870e-01
2.150000e+00,-1.457167e+00,-1.011747e+00,-5.043188e-01,-6.710035e-01
2.160000e+00,-2.906065e+00,-2.299870e+00,3.646949e-01,-4.752342e-01
2.170000e+00,-1.498052e+00,-5.008994e-01,-9.648945e-01,-7.719806e-01
2.180000e+00,1.392494e+00,-3.731760e+00,2.470444e+00,-6.178073e-01
2.190000e+00,-6.178665e-01,-2.649167e+00,3.114295e+00,-7.848953e-01
2.200000e+00,-5.727809e+00,5.762486e-01,4.769698e-02,-6.235006e-01
2.210000e+00,3.158901e+00,-3.712651e+00,-4.135620e+00,-6.050649e-01
2.220000e+00,-5.871879e-01,3.079069e+00,4.922113e-02,-6.493665e-01
2.230000e+00,2.201019e+00,-2.839656e+00,2.806594e+00,-5.315379e-01
2.240000e+00,2.395880e+00,-1.936401e-01,2.509581e-01,-6.350772e-01
2.250000e+00,1.087348e+00,-1.599722e+00,-8.422586e-01,-4.973930e-01
2.260000e+00,3.201140e-01,-4.339001e-01,-2.913711e-01,-5.017212e-01
2.270000e+00,3.118384e+00,7.884785e-01,-6.379605e+00,-6.348193e-01
2.280000e+00,-2.897744e+00,2.492880e+00,-5.405589e-01,-5.762890e-01
2.290000e+00,-1.265930e+00,2.476331e+00,-1.052861e+00,-5.766544e-01
2.300000e+00,-2.587064e+00,-9.704244e-01,-8.952900e-01,-4.960435e-01
2.310000e+00,-8.763945e-01,-4.518906e-01,-2.085135e-01,-4.635850e-01
2.320000e+00,-3.005420e+00,4.387378e-01,-2.985032e+00,-5.042811e-01
2.330000e+00,2.889032e+00,3.410910e+00,-3.404306e+00,-5.767360e-01
2.340000e+00,4.701672e-01,1.815337e+00,1.170610e+00,-6.640775e-01
2.350000e+00,1.237515e+00,-3.514839e+00,-1.530651e+00,-6.995253e-01
2.360000e+00,1.372878e+00,-1.613096e+00,-1.096387e+00,-4.556468e-01
2.370000e+00,3.649464e+00,-2.435428e+00,1.415652e+00,-3.611908e-01
2.380000e+00,-1.274256e+00,-2.046602e+00,-7.413353e-01,-5.301604e-01
2.390000e+00,-2.808975e+00,1.432974e+00,1.400362e+00,-5.599218e-01
2.400000e+00,-2.237676e+00,-1.056893e+00,4.240385e-01,-4.547107e-01
2.410000e+00,1.259379e+00,3.289421e+00,-7.141803e-01,-7.131382e-01
2.420000e+00,4.689308e-01,1.034105e+00,-3.100268e-01,-5.662729e-01
2.430000e+00,6.923591e-01,6.047169e-01,-2.146863e+00,-7.365851e-01
2.440000e+00,5.737041e-01,4.330684e+00,1.234166e+00,-4.888935e-01
2.450000e+00,-5.215645e-01,-8.882275e-01,2.066690e+00,-5.247824e-01
2.460000e+00,-3.509976e+00,7.059586e-01,1.392543e+00,-4.905851e-01
2.470000e+00,5.197095e-01,1.217579e+00,7.182755e-01,-5.624331e-01
2.480000e+00,3.470689e+00,-1.418439e+00,-1.536625e+00,-7.025500e-01
2.490000e+00,-2.386625e+00,3.248315e-01,-3.541002e+00,-4.116001e-01
2.500000e+00,2.222813e+00,-3.044403e+00,-1.141650e+00,-5.730198e-01
2.510000e+00,2.992159e+00,2.103937e+00,2.546646e+00,-4.853934e-01
2.520000e+00,-1.666814e+00,3.920172e+00,1.236572e+00,-4.039904e-01
2.530000e+00,4.242562e-02,5.810290e-01,-9.726224e-01,-4.380304e-01
2.540000e+00,6.483250e-01,-4.660910e+00,-2.098572e+00,-5.746345e-01
2.550000e+00,2.405915e+00,3.886183e+00,-2.264837e+00,-5.138714e-01
2.560000e+00,2.396571e+00,-2.752685e+00,-1.961242e+00,-5.056449e-01
2.570000e+00,3.656295e-01,-2.729867e+00,-5.952884e-01,-3.806555e-01
2.580000e+00,3.807937e-01,-1.872981e+00,-8.803986e-01,-3.472402e-01
2.590000e+00,-1.045805e+00,-6.284429e-01,-1.763322e+00,-5.791971e-01
2.600000e+00,4.924502e-01,-2.978909e+00,-2.379682e+00,-5.708744e-01
2.610000e+00,-3.619932e+00,6.340183e+00,-2.054271e-01,-4.520946e-01
2.620000e+00,1.197306e+00,-2.019230e+00,3.860095e-01,-4.616827e-01
2.630000e+00,4.930163e+00,1.795650e+00,-4.347108e-01,-4.376986e-01
2.640000e+00,2.455824e+00,1.376362e+00,-3.930779e+00,-5.595521e-01
2.650000e+00,-3.040607e+00,-1.839044e+00,-3.516477e+00,-5.852316e-01
2.660000e+00,2.818748e+00,-1.993005e+00,8.082747e-01,-4.550708e-01
2.670000e+00,-3.405205e+00,3.471619e+00,-8.246780e-01,-3.194405e-01
2.680000e+00,2.752019e+00,1.462390e+00,-2.409973e+00,-3.765220e-01
2.690000e+00,2.050730e-01,-2.372270e+00,4.980575e+00,-4.484790e-01
2.700000e+00,-3.044784e+00,-6.473861e-01,2.249582e+00,-4.715937e-01
2.710000e+00,-2.220117e+00,-2.959486e-01,1.263701e+00,-5.423317e-01
2.720000e+00,5.066184e-01,1.280618e+00,-8.953157e-02,-3.359033e-01
2.730000e+00,2.104207e+00,1.993354e+00,-3.531136e-01,-3.370168e-01
2.740000e+00,-1.537453e+00,2.048223e+00,4.353930e+00,-4.361585e-01
2.750000e+00,-2.280647e+00,1.990096e+00,-2.003009e+00,-3.772545e-01
2.760000e+00,-1.315791e+00,5.680164e-01,1.696686e+00,-3.854853e-01
2.770000e+00,1.634301e+00,3.476483e+00,1.049097e+00,-3.164419e-01
2.780000e+00,1.961246e+00,-1.823338e+00,1.226701e+00,-2.414873e-01
2.790000e+00,2.467235e-01,4.315683e+00,-2.337860e-01,-5.797387e-01
2.800000e+00,3.128641e+00,1.370385e+00,3.736074e+00,-4.307094e-01
2.810000e+00,-1.699124e-01,3.007593e+00,2.244564e+00,-4.047595e-01
2.820000e+00,1.395222e+00,-5.198422e-01,-3.254972e+00,-5.216595e-01
2.830000e+00,-1.907117e+00,-1.679770e+00,6.151160e-01,-4.194969e-01
2.840000e+00,6.702222e-01,1.076568e+00,1.170110e+00,-3.056029e-01
2.850000e+00,5.712924e-01,9.466784e-01,-4.141434e-01,-4.601812e-01
2.860000e+00,-8.806631e-01,9.752571e-01,3.477510e-01,-5.919697e-01
2.870000e+00,-6.770264e-01,3.787527e-01,2.690691e+00,-4.803218e-01
2.880000e+00,1.466296e+00,1.375324e+00,4.230793e-01,-3.460969e-01
2.890000e+00,1.978724e+00,9.971360e-01,3.523033e+00,-4.484472e-01
2.900000e+00,-2.381443e+00,-1.668751e+00,-1.947120e+00,-2.738304e-01
2.910000e+00,-1.056273e+00,-2.922585e+00,-1.014331e+00,-4.219888e-01
2.920000e+00,2.966025e+00,9.110131e-01,-5.998881e-01,-3.398193e-01
2.930000e+00,1.347021e+00,3.103922e-01,9.473026e-01,-4.199825e-01
2.940000e+00,4.334006e+00,9.893885e-01,8.216718e-01,-2.938095e-01
2.950000e+00,-6.657579e-01,-3.167039e+00,1.926172e+00,-5.189005e-01
2.960000e+00,-2.973649e-01,-1.408624e+00,1.222569e+00,-1.867155e-01
2.970000e+00,-3.559714e-01,3.694338e-01,6.344457e-01,-3.705947e-01
2.980000e+00,-2.615418e-01,2.774243e+00,1.425599e+00,-3.596759e-01
2.990000e+00,2.492195e+00,-2.565025e+00,2.771401e+00,-4.861253e-01
3.000000e+00,2.246911e+00,2.259360e-01,1.663232e+00,-3.404267e-01
3.010000e+00,8.660804e+00,4.115641e-01,-3.471879e+00,-3.445644e-01
3.020000e+00,2.896497e+00,5.510919e-01,-1.883637e+00,-4.557519e-01
3.030000e+00,-4.378993e+00,-1.750725e+00,-4.090045e+00,-2.722029e-01
3.040000e+00,-1.325221e+00,-1.763280e+00,3.917736e+00,-1.274262e-01
3.050000e+00,6.368178e-01,-1.199632e+00,-7.483344e-01,-2.072129e-01
3.060000e+00,-1.418203e+00,9.674843e-02,-2.167607e-01,-3.303660e-01
3.070000e+00,-6.192947e-01,9.746779e-01,-3.769387e+00,-2.654437e-01
3.080000e+00,-1.223906e-01,4.296375e+00,-1.664420e+00,-2.973060e-01
3.090000e+00,-8.683742e-01,-3.403390e+00,1.949218e+00,-2.740101e-01
3.100000e+00,-3.737781e+00,2.035123e+00,-2.301268e+00,-5.208043e-01
3.110000e+00,1.162829e-01,2.144805e+00,3.633089e+00,-4.020524e-01
3.120000e+00,-1.999556e+00,-2.574379e-01,-3.160044e+00,-3.370815e-01
3.130000e+00,6.968630e-01,-2.035759e+00,-2.643764e+00,-2.424042e-01
3.140000e+00,-5.206471e+00,-7.730788e-01,8.644056e-01,-2.669199e-01
3.150000e+00,3.662337e-01,-7.510640e-01,-3.233501e+00,-3.113099e-01
3.160000e+00,-3.018984e-01,1.169535e+00,-5.228795e+00,-5.153318e-01
3.170000e+00,8.278814e-01,4.682936e-01,1.011727e+00,-4.391955e-01
3.180000e+00,-1.056120e+00,1.460130e+00,-2.555523e+00,-1.593878e-01
3.190000e+00,-2.231645e+00,-2.117356e-01,-1.095776e+00,-2.775396e-01
3.200000e+00,-2.810568e-01,1.186649e+00,-1.056188e+00,-2.872098e-01
3.210000e+00,5.388304e-01,-2.481044e-01,2.565417e+00,-3.204428e-01
3.220000e+00,-1.814677e+00,3.721364e+00,2.854359e-01,7.289687e-03
3.230000e+00,-2.238597e+00,-1.522903e+00,8.316884e-02,-3.506077e-01
3.240000e+00,-8.671490e-01,1.496795e+00,3.488956e-01,-2.938377e-01
3.250000e+00,-3.517048e+00,4.694407e+00,-4.346419e+00,-2.234299e-01
3.260000e+00,-3.781736e+00,-1.262597e+00,-1.321617e+00,-1.422060e-01
3.270000e+00,-3.901234e+00,1.066706e-01,1.018400e-01,-2.858721e-01
3.280000e+00,7.317576e-01,1.573982e+00,-8.285287e-01,-1.735117e-01
3.290000e+00,4.213161e-01,1.487021e-01,-1.508525e+00,-1.684419e-01
3.300000e+00,1.820900e-01,1.962614e+00,2.072624e-01,-2.398051e-01
3.310000e+00,6.838270e+00,5.813604e-01,-5.337131e+00,-3.957316e-01
3.320000e+00,1.003415e+00,2.830499e+00,-4.438487e+00,-1.810760e-01
3.330000e+00,1.391931e+00,-4.941715e-01,-5.221256e-01,-2.491301e-01
3.340000e+00,-3.433914e-01,-3.669129e+00,-3.764109e+00,-1.017524e-01
3.350000e+00,-3.352134e+00,1.618055e+00,-1.326206e+00,-3.394758e-01
3.360000e+00,2.805103e+00,-7.956885e-01,-1.083653e+00,-2.535365e-01
3.370000e+00,2.501659e+00,5.996172e-02,-7.537990e-01,-3.016016e-01
3.380000e+00,1.003931e+00,1.286610e+00,5.568340e-01,-4.335309e-01
3.390000e+00,-4.223857e+00,-4.111820e+00,1.175473e-01,-3.522107e-01
3.400000e+00,1.496235e+00,-7.927573e-01,1.655146e+00,-4.411969e-01
3.410000e+00,7.602448e-01,1.195687e+00,-3.684758e-01,-7.319761e-02
3.420000e+00,4.532461e+00,-4.827125e+00,2.251480e+00,-2.166068e-01
3.430000e+00,1.859686e-01,-2.382961e+00,1.687697e+00,-1.786038e-01
3.440000e+00,-1.400089e+00,-1.751919e+00,4.246742e-01,-2.162142e-01
3.450000e+00,-1.918385e+00,-1.056242e+00,4.039701e+00,-1.225988e-01
3.460000e+00,-5.864775e-01,1.359723e+00,-2.367697e-01,-8.099751e-02
3.470000e+00,-8.681323e-01,-2.826035e+00,1.008468e+00,-2.716512e-01
3.480000e+00,2.314213e+00,-3.012749e-01,2.137034e-01,-3.257320e-01
3.490000e+00,4.802554e+00,1.293015e+00,2.739527e+00,-1.163271e-01
3.500000e+00,-2.525006e+00,9.510852e-01,-2.754367e+00,1.078691e-05
3.510000e+00,-3.492456e-01,9.774559e-02,-1.916629e+00,-2.454289e-01
3.520000e+00,-3.975180e-01,1.132710e+00,-6.840107e-01,-2.976866e-01
3.530000e+00,-3.703531e+00,3.273545e+00,-3.056705e-01,-1.862824e-01
3.540000e+00,4.172216e-01,2.288837e-01,-4.185591e-01,-3.123084e-01
3.550000e+00,-1.010946e+00,3.379038e+00,-1.061837e+00,-2.940649e-01
3.560000e+00,-1.235440e+00,3.745064e+00,-1.819490e+00,-1.464287e-01
3.570000e+00,2.529707e+00,-1.045136e+00,-3.234163e+00,-2.344793e-01
3.580000e+00,1.432349e+00,-8.583706e-01,-3.432920e+00,-1.578413e-01
3.590000e+00,-1.480034e+00,1.241741e+00,1.612253e+00,-2.593241e-01
3.600000e+00,1.868712e+00,-1.611887e+00,-4.421249e+00,-1.484526e-01
3.610000e+00,-7.296848e-01,-3.509653e+00,6.189390e-01,-1.710542e-01
3.620000e+00,-1.254213e+00,5.374875e-01,1.174212e-01,-1.517823e-01
3.630000e+00,1.284463e-02,8.814736e-01,9.456770e-01,-8.430980e-02
3.640000e+00,-2.086377e+00,3.814117e-01,-2.278147e+00,-1.128133e-01
3.650000e+00,-8.056829e-01,-2.052716e+00,4.792681e-01,-3.530585e-01
3.660000e+00,-1.040403e+00,-8.559167e-01,-9.507779e-03,-1.410102e-02
3.670000e+00,-5.496643e-01,2.131588e+00,1.704553e+00,-3.198643e-01
3.680000e+00,-2.096313e-01,3.460925e-01,-1.294573e+00,-3.704903e-01
3.690000e+00,4.188629e+00,-4.375263e-01,3.883337e+00,-9.614329e-02
3.700000e+00,1.663840e+00,-1.236977e+00,2.223637e+00,-2.687111e-01
3.710000e+00,-9.878462e-01,-7.939250e-01,3.688793e-01,-3.787785e-01
3.720000e+00,2.019125e+00,3.141799e-02,3.616690e-02,-1.915780e-01
3.730000e+00,1.771997e+00,6.077995e-01,-2.011207e+00,-1.323315e-03
3.740000e+00,2.045071e+00,-1.505043e+00,1.253794e+00,-9.433115e-02
3.750000e+00,1.460811e-01,-2.121572e+00,1.123408e+00,-1.130537e-01
3.760000e+00,-2.778806e+00,6.181808e-02,1.766220e+00,-2.880645e-01
3.770000e+00,1.344565e+00,3.123626e-01,-6.001422e-02,-2.602764e-01
3.780000e+00,8.065262e-01,4.194414e-02,1.883781e+00,-8.550833e-02
3.790000e+00,-2.053239e+00,-1.322704e+00,-1.299451e+00,-4.353927e-02
3.800000e+00,3.972207e+00,-3.515404e+00,-3.301975e+00,-6.335902e-02
3.810000e+00,-6.874144e-01,-3.898526e-01,-2.161562e+00,-1.177189e-01
3.820000e+00,1.792929e+00,1.789041e+00,3.084824e+00,-2.742622e-01
3.830000e+00,-2.094280e+00,3.773708e+00,1.335379e+00,-1.891073e-01
3.840000e+00,2.994503e+00,1.056412e+00,-2.642840e+00,-4.565640e-02
3.850000e+00,-5.274592e-01,6.772943e-01,-5.388854e-01,-2.608767e-02
3.860000e+00,-1.076052e+00,9.436359e-01,6.887147e-01,-1.258217e-01
3.870000e+00,1.825108e+00,1.987827e-01,-5.842568e-01,-1.534541e-01
3.880000e+00,-4.536534e-01,-1.734076e+00,3.285003e+00,-1.283128e-01
3.890000e+00,3.613980e+00,-1.307784e+00,-1.250232e-01,-2.089147e-01
3.900000e+00,3.891768e+00,-2.438032e+00,-6.899361e-01,-7.407955e-02
3.910000e+00,2.921576e-01,-3.333632e-01,-1.192790e+00,-1.357584e-01
3.920000e+00,5.245446e+00,3.592993e-01,-9.417854e-01,-1.097690e-01
3.930000e+00,-1.218360e+00,1.738193e+00,-2.620770e-01,-1.705004e-01
3.940000e+00,-1.721465e+00,-8.848653e-01,-4.311386e+00,-1.222595e-01
3.950000e+00,-2.643688e+00,-2.039747e+00,1.798527e+00,-2.149408e-01
3.960000e+00,-2.570001e+00,6.598858e-01,-3.706987e-01,9.827529e-03
3.970000e+00,9.212434e-01,-3.042635e+00,3.434353e+00,-1.782286e-01
3.980000e+00,-8.302919e-01,-2.216312e+00,2.361626e+00,-7.811583e-02
3.990000e+00,1.632858e+00,-3.396906e+00,-2.461584e+00,-3.431182e-01
4.000000e+00,6.770138e-01,9.824036e-02,1.161815e+00,-4.667066e-02
4.010000e+00,-1.293664e+00,6.613409e-01,-2.267926e+00,-1.818844e-01
4.020000e+00,-9.002292e-01,-2.143452e+00,-2.198280e+00,-8.166355e-02
4.030000e+00,-1.764343e+00,-5.157308e-01,-7.737500e-01,-1.853549e-01
4.040000e+00,4.747100e-01,1.335588e+00,-3.096034e+00,-7.297154e-02
4.050000e+00,-4.679098e-01,4.637298e-01,-2.412541e+00,-1.936049e-01
4.060000e+00,1.770777e+00,-6.086971e-01,2.944321e-01,-1.821206e-01
4.070000e+00,-6.326550e+00,1.081264e-01,-2.740313e+00,-2.345815e-01
4.080000e+00,3.874575e+00,-3.826112e-01,-3.349750e+00,-2.872384e-01
4.090000e+00,-2.327856e+00,-2.718100e+00,2.960167e+00,-9.291420e-02
4.100000e+00,1.772037e+00,1.040457e+00,2.165681e+00,-2.339177e-02
4.110000e+00,-3.868040e+00,1.605741e+00,2.365245e+00,-1.173644e-01
4.120000e+00,1.418669e+00,5.076400e-01,1.091880e+00,-1.980618e-01
4.130000e+00,-2.503737e+00,7.145659e-01,-1.648503e-01,-2.459206e-01
4.140000e+00,4.947010e+00,8.065341e-01,2.756871e+00,-2.278886e-01
4.150000e+00,1.076757e-01,6.958558e-01,3.491393e+00,4.956384e-02
4.160000e+00,2.405359e-01,-9.774886e-01,-1.101802e+00,-1.176851e-01
4.170000e+00,-1.638105e+00,8.179298e-01,4.248203e+00,-2.349596e-01
4.180000e+00,-7.718307e-01,1.017313e+00,-3.513776e+00,-2.377795e-01
4.190000e+00,1.001757e-01,2.868871e+00,-3.364406e+00,-1.991393e-01
4.200000e+00,8.014988e-02,-3.573021e+00,-1.243475e+00,-1.451939e-01
4.210000e+00,-3.341998e-01,-3.239306e+00,-1.111864e+00,8.121651e-02
4.220000e+00,-2.770700e+00,1.354655e+00,1.056709e+00,-1.169268e-01
4.230000e+00,-2.428166e+00,2.356909e+00,1.488937e+00,-2.451458e-01
4.240000e+00,9.366335e-01,6.421837e-01,-1.506155e+00,-1.920119e-01
4.250000e+00,9.279715e-01,-2.536357e+00,1.982715e+00,-2.170359e-01
4.260000e+00,-1.742049e+00,-1.223435e+00,1.451243e+00,1.828578e-02
4.270000e+00,3.660799e+00,2.107368e+00,-3.067379e+00,8.670188e-02
4.280000e+00,7.936724e-02,2.566429e+00,1.215292e+00,4.053975e-02
4.290000e+00,3.101772e+00,1.465097e+00,2.248078e+00,-1.483859e-01
4.300000e+00,-1.435713e+00,-3.112090e+00,-2.152344e+00,8.936008e-03
4.310000e+00,3.392740e+00,9.296286e-01,-1.175857e+00,-1.163691e-01
4.320000e+00,5.686419e-01,-4.101238e+00,2.083546e+00,-1.239981e-01
4.330000e+00,1.401228e+00,4.545240e-01,4.597550e+00,-2.188402e-01
4.340000e+00,-2.651886e+00,-2.728894e-01,-7.421285e-01,-1.338233e-01
4.350000e+00,2.044895e-01,1.572754e+00,-6.942046e-01,-1.862873e-01
4.360000e+00,3.975691e+00,-2.886214e-01,1.098433e+00,-1.303918e-01
4.370000e+00,7.694299e-02,-2.195074e+00,-5.538998e-01,-1.700192e-01
4.380000e+00,1.981841e-01,-6.513382e-01,-1.819746e+00,-1.388766e-01
4.390000e+00,2.002816e+00,-2.772197e-01,-2.635746e+00,-2.628026e-01
4.400000e+00,1.506048e+00,-3.162852e+00,-3.497045e+00,-5.019067e-02
4.410000e+00,-1.577671e-01,6.271951e-01,3.924624e+00,-2.306194e-01
4.420000e+00,6.541299e-01,-1.871718e+00,8.536513e-01,-6.785544e-02
4.430000e+00,1.578777e+00,2.321586e+00,6.492191e-01,-1.631706e-01
4.440000e+00,3.816591e-02,1.002251e+00,6.962376e-01,-1.845794e-01
4.450000e+00,-2.118089e+00,-1.067844e+00,-1.683099e+00,-2.846978e-01
4.460000e+00,2.417412e+00,-2.359893e+00,1.110576e+00,-1.287259e-01
4.470000e+00,5.026964e-01,-3.550960e+00,2.491066e+00,-5.822382e-03
4.480000e+00,1.698717e-01,1.859705e+00,-3.431407e+00,7.137708e-02
4.490000e+00,2.412421e+00,2.747091e+00,7.499048e-01,-4.171796e-02
4.500000e+00,-3.726367e+00,5.420038e-01,3.355763e-01,-2.220424e-01
4.510000e+00,2.563496e+00,-1.256859e+00,6.209045e-01,-1.157300e-01
4.520000e+00,3.823340e-01,9.822618e-01,-3.398236e-02,1.703642e-02
4.530000e+00,1.084480e+00,9.512926e-02,8.212260e-01,-4.195706e-02
4.540000e+00,2.028099e+00,5.563822e-01,-2.331053e+00,-1.538574e-01
4.550000e+00,-3.323699e+00,3.606645e+00,1.037718e+00,-6.787796e-02
4.560000e+00,4.070108e+00,-4.440657e-01,3.974275e-01,1.934890e-04
4.570000e+00,-2.597985e-01,2.290180e-01,-7.604065e-01,-1.277218e-01
4.580000e+00,-4.748391e+00,-2.483642e+00,1.015090e+00,-1.633697e-01
4.590000e+00,-3.424674e+00,-1.533639e+00,-1.125715e+00,-1.683488e-01
4.600000e+00,2.695066e+00,2.141231e+00,-1.005907e+00,-3.530602e-02
4.610000e+00,4.003955e-01,-1.170700e+00,9.412934e-01,-3.675380e-02
4.620000e+00,-9.122834e-02,-3.891493e+00,-9.234769e-01,-1.341766e-01
4.630000e+00,6.755902e-01,1.165012e+00,-3.266201e+00,-2.362000e-01
4.640000e+00,-2.027972e+00,1.193965e+00,-3.378477e+00,-7.317062e-02
4.650000e+00,7.880660e-01,1.071758e+00,-1.662519e+00,-1.102424e-01
4.660000e+00,-1.049950e+00,1.721023e+00,3.912444e+00,-7.457686e-02
4.670000e+00,5.704645e-01,-1.420211e+00,4.814165e+00,6.020918e-02
4.680000e+00,3.382074e+00,7.354705e-01,-1.503024e-01,-5.098758e-02
4.690000e+00,1.346912e+00,-5.462599e-01,-3.275778e+00,-1.638465e-01
4.700000e+00,2.969364e+00,9.036215e-01,8.154091e-04,1.345189e-01
4.710000e+00,2.494892e+00,-1.854171e+00,1.439296e+00,-1.465262e-01
4.720000e+00,2.310025e-01,5.449165e-01,5.394441e+00,-1.278179e-01
4.730000e+00,-3.381762e-01,-4.504866e-01,3.614604e+00,-2.265558e-02
4.740000e+00,1.513004e+00,4.063063e+00,-8.510255e-01,-2.140635e-01
4.750000e+00,-2.432681e+00,-2.627942e-01,-2.524806e+00,-6.267996e-02
4.760000e+00,-2.529485e-01,8.694359e-01,-1.044753e+00,-7.999118e-02
4.770000e+00,1.157041e+00,9.506409e-01,-2.387484e+00,1.309056e-01
4.780000e+00,1.188682e+00,-1.068584e+00,2.782495e+00,5.046355e-02
4.790000e+00,-1.258476e+00,2.471822e+00,-8.985435e-01,-3.447090e-02
4.800000e+00,4.976798e-01,8.416438e-01,-3.835449e-01,-1.820969e-01
4.810000e+00,3.493788e-02,2.144110e+00,-1.845625e+00,-2.067985e-02
4.820000e+00,-2.410029e+00,-1.437120e+00,1.376462e+00,-1.077599e-01
4.830000e+00,-1.906758e+00,-1.712994e+00,-1.946853e+00,-1.240886e-01
4.840000e+00,-8.922056e-01,1.124934e+00,1.516699e+00,-2.567823e-01
4.850000e+00,2.261850e+00,1.423936e+00,-2.103497e+00,-2.992638e-01
4.860000e+00,1.540832e+00,1.280897e+00,5.767940e-01,-3.487788e-02
4.870000e+00,2.799233e+00,2.046218e+00,-1.024904e+00,-2.393861e-02
4.880000e+00,1.867158e+00,1.391328e-01,1.543704e+00,-1.061614e-01
4.890000e+00,7.237576e-01,-2.412342e-01,-1.541238e+00,-4.266170e-03
4.900000e+00,8.435850e-02,-2.215660e+00,-1.526971e+00,-3.548178e-02
4.910000e+00,4.499222e-01,1.804936e-01,-2.114888e+00,-2.052155e-01
4.920000e+00,2.762434e+00,1.172342e+00,-2.794938e-01,-1.888187e-01
4.930000e+00,5.814158e-01,2.619896e+00,-1.056274e+00,5.234265e-02
4.940000e+00,2.167783e+00,-1.541413e+00,-1.172529e+00,-1.899121e-02
4.950000e+00,-5.382007e-02,9.992732e-01,1.952651e+00,-9.604295e-02
4.960000e+00,-4.373703e+00,1.548032e+00,2.708524e+00,-1.682497e-01
4.970000e+00,-6.468942e-01,2.290514e+00,-7.449171e-01,-3.722574e-02
4.980000e+00,2.958665e-01,-2.910218e-01,4.009251e+00,-3.797941e-02
4.990000e+00,-1.379988e+00,-2.282490e+00,1.772385e+00,-2.471926e-01
5.000000e+00,-8.173368e-02,-8.917099e-01,3.625462e+00,3.287025e-02
5.010000e+00,-3.142595e+00,-1.673295e+00,-2.121371e+00,-5.477413e-02
5.020000e+00,-1.397795e+00,-4.949060e-02,-1.066245e+00,-2.690193e-02
5.030000e+00,-1.664791e+00,-3.457844e+00,1.958535e+00,-1.918996e-01
5.040000e+00,-4.632880e-01,-1.397556e+00,1.395187e+00,1.054482e-01
5.050000e+00,9.821158e-01,-1.253794e+00,2.823979e+00,2.484663e-02
5.060000e+00,1.205211e+00,1.602218e+00,7.100765e-01,-1.408254e-01
5.070000e+00,2.213560e+00,2.044117e+00,7.559436e-01,-7.811552e-02
5.080000e+00,2.133391e+00,1.088661e+00,-6.771931e-01,-1.188067e-01
5.090000e+00,-8.994797e-01,-1.392339e+00,-1.159325e+00,-1.505641e-02
5.100000e+00,3.238184e+00,-1.235055e+00,1.347434e+00,2.454017e-02
5.110000e+00,2.111259e-01,-3.609563e+00,3.866783e-01,-1.882211e-02
5.120000e+00,-2.060552e+00,2.767528e+00,-8.263129e-02,-7.865590e-03
5.130000e+00,-1.965484e+00,-3.884551e+00,1.046435e+00,-1.106340e-03
5.140000e+00,-1.992888e+00,1.730007e+00,-1.585696e+00,-1.622547e-01
5.150000e+00,-2.686930e+00,-2.412892e+00,-2.122199e+00,1.756760e-02
5.160000e+00,2.735897e+00,9.994561e-02,1.383185e+00,-1.404132e-01
5.170000e+00,-5.374693e-01,-4.974746e-01,5.921593e-01,8.773866e-03
5.180000e+00,2.140557e+00,1.642790e+00,-3.699660e+00,-1.617263e-01
5.190000e+00,-1.064152e+00,2.925083e+00,-1.572038e+00,5.816710e-02
5.200000e+00,3.014258e+00,-5.469654e-01,-4.208386e+00,-9.343089e-03
5.210000e+00,7.431724e-01,2.781786e+00,1.432028e+00,2.834613e-02
5.220000e+00,-1.969608e+00,-3.015337e+00,9.736474e-01,-1.179508e-01
5.230000e+00,1.689277e+00,-2.839530e+00,3.152856e-01,2.847767e-02
5.240000e+00,1.281733e+00,1.355144e+00,1.011500e+00,-1.248035e-01
5.250000e+00,-3.261275e+00,1.132894e+00,-1.407527e+00,-8.641476e-02
5.260000e+00,-2.917550e+00,3.086692e-01,-1.004025e+00,-7.573346e-02
5.270000e+00,3.045825e-01,-3.464315e+00,9.764080e-02,2.895539e-03
5.280000e+00,-1.461270e+00,1.612832e+00,2.243918e+00,8.017730e-02
5.290000e+00,-1.079909e+00,2.553586e+00,1.147661e+00,-7.078230e-02
5.300000e+00,1.617661e+00,3.105249e-01,-1.205746e-01,-6.760153e-02
5.310000e+00,6.398278e-01,-3.688115e-01,2.350210e+00,-1.568791e-02
5.320000e+00,2.223549e+00,-2.196898e+00,-1.026555e-01,-1.133812e-01
5.330000e+00,6.338461e-01,-4.563391e-01,-1.249033e+00,9.980775e-02
5.340000e+00,3.075908e+00,2.166795e+00,1.900253e+00,6.017198e-02
5.350000e+00,-7.270789e-01,1.733775e-01,6.566765e-01,4.936127e-02
5.360000e+00,3.090750e-01,-3.178345e-02,-2.314633e+00,-9.085038e-02
5.370000e+00,-1.216413e-01,1.174926e+00,-2.300527e+00,-2.024951e-01
5.380000e+00,2.910692e-01,-1.619795e+00,-1.541676e+00,-1.301401e-01
5.390000e+00,-2.280358e+00,-8.266033e-01,1.893151e+00,-7.222197e-04
5.400000e+00,1.472477e+00,-2.625193e+00,1.259768e+00,-1.066731e-01
5.410000e+00,-1.329498e+00,-3.349190e+00,1.116283e-01,-1.142104e-02
5.420000e+00,-2.112573e+00,-7.565723e-01,-3.803529e-01,-1.095978e-01
5.430000e+00,5.393999e+00,1.828487e+00,3.999805e-01,-2.157183e-02
5.440000e+00,-2.165013e+00,-8.820851e-01,2.831030e+00,-6.002941e-02
5.450000e+00,-4.810416e+00,1.859720e+00,1.576601e+00,-1.622308e-03
5.460000e+00,-6.010388e-01,-1.774643e+00,-1.131254e+00,-2.072936e-01
5.470000e+00,-1.833325e+00,-2.359769e-01,-3.914172e-01,9.146492e-02
5.480000e+00,3.809300e+00,-1.567014e+00,1.118983e+00,-5.974591e-02
5.490000e+00,1.078424e+00,9.404398e-01,-7.994977e-01,-1.100925e-03
5.500000e+00,5.906292e-01,1.184366e+00,2.358527e+00,1.467313e-01
5.510000e+00,-8.389662e-01,-1.146484e+00,7.340528e-01,-3.773912e-02
5.520000e+00,-1.115203e-01,-1.808489e+00,3.008192e+00,7.614929e-02
5.530000e+00,-3.788727e+00,-6.080219e+00,-5.056403e-01,-7.092450e-02
5.540000e+00,-1.370192e+00,-3.106894e+00,-8.518545e-01,6.481964e-02
5.550000e+00,2.322419e+00,1.811772e+00,4.193194e+00,9.075511e-03
5.560000e+00,-2.509964e+00,4.222310e+00,-3.311674e+00,-3.624457e-02
5.570000e+00,-1.622201e+00,8.548804e-01,-1.579975e+00,-6.520728e-02
5.580000e+00,1.084039e+00,7.094859e-02,1.750614e+00,1.893811e-02
5.590000e+00,6.780744e-01,1.115661e+00,2.723149e+00,-1.298117e-01
5.600000e+00,1.655923e+00,-3.490340e+00,-2.465348e+00,-1.272820e-01
5.610000e+00,1.964101e+00,2.211585e+00,1.712539e+00,6.258270e-02
5.620000e+00,-6.816512e-01,3.761488e-01,1.686187e+00,3.066440e-02
5.630000e+00,4.993534e+00,-1.771138e+00,2.788432e+00,2.192661e-02
5.640000e+00,-2.774601e-01,2.740167e-04,1.619015e+00,-7.343981e-02
5.650000e+00,1.870557e+00,1.283592e-01,7.460312e-01,-3.313198e-02
5.660000e+00,-2.735881e-01,2.048953e-01,-1.699804e+00,-1.801726e-01
5.670000e+00,5.544138e-01,1.996485e+00,2.733671e+00,-1.640771e-01
5.680000e+00,-3.042399e+00,2.540808e-01,1.547127e+00,8.169401e-03
5.690000e+00,7.908308e-01,2.404603e-01,-1.949695e+00,-1.402892e-01
5.700000e+00,-6.118288e-01,3.029139e+00,1.348056e+00,-1.900864e-02
5.710000e+00,-3.092376e+00,-4.776075e+00,-1.555800e+00,-1.882016e-01
5.720000e+00,5.946840e-01,8.198671e-01,-2.782538e+00,-7.673510e-02
5.730000e+00,-4.854498e+00,-3.021881e+00,-9.205576e-01,-1.256696e-01
5.740000e+00,8.167198e-01,4.650630e-01,1.018203e-01,2.412159e-02
5.750000e+00,2.144582e+00,3.276662e+00,2.481425e+00,-3.028550e-02
5.760000e+00,-1.288932e+00,-3.571805e+00,-4.660689e-01,-3.707559e-03
5.770000e+00,9.088922e-01,2.258931e-01,2.527342e-01,-1.452648e-01
5.780000e+00,6.760582e-01,-1.631377e+00,7.288127e-01,-1.492144e-01
5.790000e+00,-1.392069e+00,1.740180e+00,-2.456420e+00,-1.558870e-01
5.800000e+00,1.899227e-01,6.568960e-01,-6.237185e-01,7.724925e-02
5.810000e+00,-2.480336e+00,-2.537805e+00,-7.022754e-01,3.073474e-02
5.820000e+00,1.451711e+00,1.278844e+00,-1.519553e+00,-1.051020e-02
5.830000e+00,2.059212e+00,1.673663e+00,-2.508695e+00,-1.079169e-01
5.840000e+00,-5.282309e-02,-2.001345e+00,-2.328402e+00,-1.363362e-01
5.850000e+00,-1.102636e+00,-1.238616e+00,-7.126145e-01,7.062747e-02
5.860000e+00,4.182058e+00,2.933672e+00,-1.371413e+00,2.143225e-02
5.870000e+00,-3.620497e+00,-7.414299e-01,3.062643e+00,-1.377786e-01
5.880000e+00,3.025978e+00,1.869146e+00,-1.506025e+00,1.371257e-01
5.890000e+00,1.874711e+00,3.137374e+00,5.158004e-02,-2.038863e-01
5.900000e+00,2.374538e+00,1.961986e+00,-7.874833e-01,5.319013e-03
5.910000e+00,2.758019e+00,2.942036e+00,3.329922e+00,4.050562e-02
5.920000e+00,-5.266088e+00,-9.483872e-01,3.029127e+00,-1.139592e-02
5.930000e+00,9.957881e-01,1.867386e+00,-1.180342e+00,-1.229733e-01
5.940000e+00,8.922718e-02,3.185294e+00,1.511429e+00,-9.199293e-04
5.950000e+00,8.813727e-02,2.428106e+00,-1.356449e+00,-4.719658e-02
5.960000e+00,-1.514015e+00,3.804246e+00,1.921586e+00,-5.579287e-03
5.970000e+00,-3.399245e+00,-3.579102e+00,4.540062e+00,-5.704379e-02
5.980000e+00,-2.021956e+00,1.677471e+00,-7.448146e-01,2.606382e-02
5.990000e+00,7.896768e-01,3.901483e-01,-1.645252e+00,-7.522813e-02
6.000000e+00,1.327748e-01,4.978905e-01,-2.539900e+00,-1.547785e-01
6.010000e+00,1.244653e+00,2.437697e+00,2.393986e+00,6.633953e-02
6.020000e+00,1.649031e+00,1.782514e-02,1.193501e+00,7.327380e-02
6.030000e+00,-2.325929e+00,1.302972e+00,1.768835e+00,5.973956e-02
6.040000e+00,-2.421328e-02,-1.856905e+00,-4.925509e-01,-1.841834e-01
6.050000e+00,1.067272e+00,3.686383e-01,-1.896935e+00,2.044753e-02
6.060000e+00,-1.727594e+00,1.198600e+00,-1.239327e+00,-1.320566e-01
6.070000e+00,3.075284e+00,8.049408e-02,-1.302440e+00,6.600640e-02
6.080000e+00,1.851717e+00,-9.523534e-01,-1.862595e+00,7.148538e-02
6.090000e+00,-7.881271e-01,2.083732e+00,2.550070e-02,7.854625e-02
6.100000e+00,2.003965e-01,3.320772e+00,-5.959208e-01,1.591024e-01
6.110000e+00,1.310584e+00,9.746981e-01,2.310705e+00,-1.651411e-01
6.120000e+00,-1.367632e+00,-2.494989e+00,-1.039891e+00,1.643924e-02
6.130000e+00,-3.953926e+00,5.100781e-02,1.682708e+00,1.357523e-01
6.140000e+00,9.086363e-01,-2.167837e-01,-2.119237e+00,-1.866932e-02
6.150000e+00,1.548699e-01,-5.327354e+00,4.033842e+00,-1.892361e-02
6.160000e+00,-2.535492e+00,-6.060692e-01,3.506099e-01,-9.156974e-02
6.170000e+00,2.871927e+00,1.321495e+00,-5.742747e-02,8.966075e-02
6.180000e+00,1.107177e+00,1.478026e+00,-8.521912e-01,5.521472e-03
6.190000e+00,-1.003557e-01,-4.244875e+00,-1.129776e+00,1.003080e-01
6.200000e+00,1.202591e+00,-5.777893e-01,-1.022412e+00,-1.239139e-01
6.210000e+00,2.137794e-01,1.715401e+00,-7.448499e-01,-1.035713e-01
6.220000e+00,-1.275660e+00,-1.334449e+00,2.709119e+00,-1.609088e-02
6.230000e+00,-3.592238e+00,1.431830e+00,1.121759e+00,-7.425520e-04
6.240000e+00,-8.939437e-01,-2.180888e+00,1.509521e-02,-1.148128e-01
6.250000e+00,7.352825e-01,1.986768e+00,-2.116322e+00,1.720699e-02
6.260000e+00,-2.062329e+00,2.954252e+00,-3.566481e+00,-4.738505e-02
6.270000e+00,-2.130896e+00,1.703828e+00,3.811840e+00,1.077952e-01
6.280000e+00,2.847507e+00,-3.790637e-01,-3.071956e-01,-1.367594e-02
6.290000e+00,1.437785e+00,-9.976695e-02,-2.953936e-01,7.288485e-03
6.300000e+00,1.522238e+00,-1.347897e+00,-2.379045e+00,-1.083527e-01
6.310000e+00,-4.506170e+00,-9.251679e-01,1.284370e+00,-1.861900e-01
6.320000e+00,-1.151243e+00,1.303819e+00,-1.905001e+00,-2.509770e-01
6.330000e+00,2.553686e+00,1.680909e-01,1.855222e+00,1.825746e-01
6.340000e+00,7.179486e-01,3.117682e-01,-4.958252e+00,4.137035e-02
6.350000e+00,-4.287990e+00,1.814354e+00,8.818138e-01,1.305633e-01
6.360000e+00,1.869564e+00,1.217613e+00,3.832222e-01,-3.252622e-02
6.370000e+00,1.931288e-01,4.779133e-01,1.049684e+00,-1.738619e-01
6.380000e+00,2.215892e+00,2.066634e+00,-6.953838e-01,-1.313222e-01
6.390000e+00,-3.662165e+00,1.341569e-01,-5.070441e+00,-1.355477e-01
6.400000e+00,1.907558e+00,-2.711750e+00,-2.023923e+00,-2.576418e-01
6.410000e+00,-8.912093e-01,-1.968180e-01,5.699667e+00,5.150275e-02
6.420000e+00,9.357067e-01,3.932949e+00,2.052888e+00,-1.120340e-01
6.430000e+00,-4.186850e+00,-4.858933e-01,-1.680710e+00,1.297662e-02
6.440000e+00,1.118465e+00,-2.475299e+00,1.014495e+00,-2.071199e-03
6.450000e+00,-5.007142e+00,4.007768e-01,9.751394e-01,-8.318919e-02
6.460000e+00,6.740080e-01,-9.416650e-01,-5.183218e+00,1.106271e-01
6.470000e+00,1.698039e-02,1.767407e+00,-6.728891e-01,1.502403e-02
6.480000e+00,1.387905e-01,2.521664e+00,-4.263018e+00,-1.690840e-01
6.490000e+00,1.813166e+00,-1.888342e-01,2.438466e+00,-2.455626e-02
6.500000e+00,-8.394555e-01,2.073681e+00,1.991381e+00,1.397437e-02
6.510000e+00,-8.561490e-01,-7.119284e-01,3.118115e+00,-6.573412e-02
6.520000e+00,4.144260e-01,-1.066464e+00,4.290719e+00,1.808885e-02
6.530000e+00,2.932517e+00,-3.042237e+00,1.663372e-01,1.120711e-01
6.540000e+00,-9.774776e-01,-9.594580e-01,-1.109945e+00,2.924792e-02
6.550000e+00,-1.491486e+00,2.964747e+00,6.200186e-01,9.537803e-02
6.560000e+00,-3.029293e+00,5.842306e-01,4.602976e-01,1.772920e-01
6.570000e+00,3.359609e+00,-1.374678e+00,-3.511788e-01,1.516052e-01
6.580000e+00,1.509804e+00,-1.275727e+00,-3.814806e-01,2.056890e-02
6.590000e+00,8.844431e-01,-1.002718e+00,-2.144968e+00,1.486283e-01
6.600000e+00,3.028169e+00,1.826283e+00,9.440077e-02,-1.679194e-01
6.610000e+00,4.810406e-01,2.428616e-02,-2.837121e+00,-1.023552e-02
6.620000e+00,-1.433902e+00,3.904713e-01,5.530082e-01,4.903295e-02
6.630000e+00,-7.766521e-01,3.440963e-01,1.297780e+00,2.013602e-02
6.640000e+00,1.406154e+00,-2.385113e-01,1.405830e+00,-4.095630e-02
6.650000e+00,4.128672e+00,-3.452215e+00,1.886850e+00,-2.243225e-01
6.660000e+00,1.489679e+00,2.862348e+00,1.109490e+00,-9.871884e-03
6.670000e+00,-5.442654e-01,-3.333458e+00,1.847443e+00,-1.383802e-01
6.680000e+00,-9.263364e-03,-5.527513e+00,-2.867082e-02,-7.511309e-02
6.690000e+00,8.933935e-01,-9.433453e-01,-8.063321e-01,6.996693e-02
6.700000e+00,-6.053857e-01,1.518371e+00,2.929735e+00,-9.803298e-02
6.710000e+00,-3.244047e+00,-7.004463e-02,-3.875278e+00,7.139718e-02
6.720000e+00,-1.556395e+00,-5.563791e-01,-2.330176e+00,-8.961537e-02
6.730000e+00,-1.468151e+00,-3.283763e-01,-1.674555e+00,1.819687e-01
6.740000e+00,-2.259013e+00,8.147033e-01,1.230589e+00,9.222919e-02
6.750000e+00,-1.101604e+00,8.304588e-01,-2.877986e+00,-1.238700e-01
6.760000e+00,1.234412e-01,1.638369e+00,-9.420535e-02,6.176118e-02
6.770000e+00,-2.033958e+00,-1.592173e+00,1.052369e+00,2.147517e-01
6.780000e+00,-6.232946e-01,-1.991565e+00,-7.037045e-01,-2.769831e-01
6.790000e+00,1.837848e+00,1.730002e+00,1.417544e+00,-6.070928e-02
6.800000e+00,1.056531e+00,-6.583550e-01,1.335572e+00,-1.399202e-01
6.810000e+00,9.416185e-01,-1.475818e+00,5.010726e+00,2.202070e-02
6.820000e+00,-3.232951e-01,-2.417469e+00,-2.960540e+00,7.625852e-02
6.830000e+00,1.054810e+00,-2.179766e+00,-1.126024e+00,7.981041e-03
6.840000e+00,-1.482263e+00,-8.011776e-01,2.055933e+00,-1.070180e-02
6.850000e+00,-2.607560e-01,1.190619e+00,-3.175031e-01,2.185259e-02
6.860000e+00,-4.782155e+00,-2.306895e+00,-5.378334e-01,-1.176249e-01
6.870000e+00,6.713494e-01,3.199166e+00,-1.483547e+00,-1.123207e-01
6.880000e+00,-4.208811e+00,3.124247e+00,2.449929e+00,6.662019e-02
6.890000e+00,-1.578502e+00,2.613333e+00,1.621011e+00,-6.493162e-02
6.900000e+00,2.753751e+00,2.165748e-01,1.833281e+00,1.399958e-01
6.910000e+00,3.513435e+00,-8.975202e-01,4.180544e-01,9.074930e-02
6.920000e+00,3.286003e+00,2.204044e+00,-3.757082e+00,-1.065497e-01
6.930000e+00,-2.287269e+00,4.325394e-02,4.466698e+00,2.652492e-02
6.940000e+00,-1.599853e+00,5.894586e-01,-1.677460e+00,6.217896e-02
6.950000e+00,-2.864172e-01,2.236065e+00,1.172265e+00,9.108200e-03
6.960000e+00,9.174011e-02,-3.733049e+00,3.345004e+00,-6.909000e-02
6.970000e+00,-2.013625e-01,2.430515e+00,3.139083e-01,9.386257e-02
6.980000e+00,1.633966e+00,-1.075143e+00,-2.431233e-01,3.008166e-01
6.990000e+00,2.721070e-02,-3.616205e+00,1.497329e+00,-2.882868e-03
7.000000e+00,2.180275e+00,-5.681165e-01,-7.207309e-01,4.230552e-02
7.010000e+00,7.911896e-01,-1.937844e+00,-1.518094e+00,1.519347e-01
7.020000e+00,5.727529e-01,-1.840214e+00,-4.671237e+00,-5.535436e-02
7.030000e+00,-9.873118e-01,-2.015720e+00,-4.398120e-01,-9.459903e-02
7.040000e+00,9.604925e-01,1.289911e+00,3.201418e-01,6.171356e-03
7.050000e+00,1.882139e+00,-1.567309e+00,3.175004e+00,-2.265238e-01
7.060000e+00,2.860107e+00,-1.203732e+00,1.456761e+00,-9.431128e-02
7.070000e+00,1.202876e+00,3.008508e-01,2.184687e+00,-9.970350e-02
7.080000e+00,-3.269145e+00,-2.882906e+00,-4.532309e-01,9.263149e-02
7.090000e+00,3.888848e+00,1.862848e+00,2.925424e+00,-6.036106e-02
7.100000e+00,-1.163972e+00,-5.559170e+00,1.938752e+00,-9.927337e-02
7.110000e+00,1.483578e+00,-8.186008e-01,-7.289923e-01,-6.019654e-02
7.120000e+00,-5.962314e+00,-1.266801e+00,1.980941e-01,-6.441809e-02
7.130000e+00,5.176240e+00,1.489666e+00,-3.055718e+00,1.141083e-01
7.140000e+00,-2.446393e+00,8.519731e-01,-1.814165e+00,-4.462992e-02
7.150000e+00,-1.475027e+00,1.247116e+00,7.504523e-01,-1.064420e-01
7.160000e+00,-7.062356e-01,-1.062170e+00,-1.705488e+00,6.385460e-02
7.170000e+00,6.456073e-01,3.894018e+00,-4.269169e-01,3.154681e-02
7.180000e+00,-2.221208e+00,-9.998399e-01,2.582837e+00,6.838073e-02
7.190000e+00,2.082441e+00,4.922294e-03,-1.460939e+00,-6.820635e-02
7.200000e+00,-4.252167e+00,-1.461730e+00,-2.388835e-01,-1.448006e-01
7.210000e+00,-5.570050e-02,2.675613e+00,-2.260953e+00,1.921698e-02
7.220000e+00,2.247720e-01,-2.008189e+00,1.541633e+00,-1.352480e-02
7.230000e+00,-6.454055e-01,-3.007199e+00,1.163869e+00,-1.321976e-02
7.240000e+00,-3.818481e+00,-6.579182e-01,-3.155570e+00,-5.514442e-02
7.250000e+00,6.883884e-01,4.317929e+00,-1.811467e+00,2.764430e-02
7.260000e+00,-2.004014e+00,-5.629810e-01,-1.166132e+00,1.665403e-03
7.270000e+00,1.380952e+00,-1.580714e+00,-5.561913e+00,-2.591746e-02
7.280000e+00,-4.958776e-01,2.034926e-02,-2.664119e+00,-4.344414e-02
7.290000e+00,1.711781e+00,4.715308e-01,-1.654083e+00,-2.504848e-01
7.300000e+00,1.507045e+00,-6.187179e-01,1.156297e+00,1.154189e-01
7.310000e+00,5.479163e-01,1.011309e+00,-4.805822e-01,6.874949e-02
7.320000e+00,5.137065e-01,-3.239421e+00,-2.388177e+00,-1.321899e-02
7.330000e+00,-5.113112e-01,-3.010722e+00,-5.465440e-01,2.240058e-01
7.340000e+00,1.468650e+00,-7.469234e+00,1.559773e+00,1.147585e-01
7.350000e+00,-1.885456e+00,1.675988e-01,-2.772704e-01,-6.053199e-02
7.360000e+00,-2.986354e-01,3.028127e+00,-2.769937e+00,-1.661130e-01
7.370000e+00,-2.426610e-01,4.980162e-01,6.314212e+00,-1.148504e-01
7.380000e+00,-8.955720e-01,2.557032e-01,5.174420e-01,-1.223117e-01
7.390000e+00,-8.622104e-01,1.773206e+00,3.184998e+00,4.562794e-02
7.400000e+00,-1.165515e+00,-7.191203e-01,5.653848e+00,1.529879e-03
7.410000e+00,1.134298e+00,-1.277982e+00,2.612764e+00,1.401084e-01
7.420000e+00,3.061085e+00,5.663151e-01,-2.378408e-01,-1.257834e-01
7.430000e+00,2.331340e+00,1.522095e+00,-4.304757e+00,2.338713e-02
7.440000e+00,-2.755225e+00,2.224486e+00,-3.225093e+00,1.379963e-02
7.450000e+00,2.785493e-01,-2.341554e+00,-9.830673e-01,-4.731997e-02
7.460000e+00,8.300416e-01,-5.053134e-01,3.124365e-01,-1.317887e-01
7.470000e+00,-1.805131e+00,-3.953650e+00,3.824172e+00,9.713602e-02
7.480000e+00,-3.318084e-01,-4.079800e-01,5.035546e+00,1.967137e-01
7.490000e+00,1.424062e+00,-1.601942e+00,1.800945e+00,8.219704e-02
7.500000e+00,-2.030900e+00,8.954920e-01,-2.632209e+00,6.093219e-02
7.510000e+00,-6.411321e-02,9.488091e-01,-4.131966e-01,-1.269666e-01
7.520000e+00,1.929707e+00,2.045474e+00,4.690582e+00,5.486715e-02
7.530000e+00,-2.052600e-01,2.805785e+00,4.753448e-02,1.440430e-01
7.540000e+00,2.227437e+00,3.104636e+00,-1.353592e-01,8.164179e-02
7.550000e+00,9.770143e-01,-4.194912e+00,-2.069725e+00,9.036086e-03
7.560000e+00,-1.411714e+00,7.439818e-02,7.183979e-01,-3.469248e-02
7.570000e+00,3.101917e+00,-2.691125e+00,-1.142297e+00,5.266307e-02
7.580000e+00,4.003795e-01,1.541679e+00,9.132922e-01,-1.073128e-01
7.590000e+00,-2.903140e+00,-1.276052e+00,2.386559e+00,-1.448987e-01
7.600000e+00,-1.646268e+00,-1.347112e+00,3.707416e+00,-1.749419e-01
7.610000e+00,-2.132636e+00,-1.205027e+00,-3.577471e-02,-3.510412e-02
7.620000e+00,-4.863265e+00,-1.924193e+00,5.167231e+00,-8.997463e-02
7.630000e+00,-2.319645e-01,-7.745507e-01,3.796151e+00,1.148000e-01
7.640000e+00,4.722416e-01,2.282979e+00,-1.778065e+00,-2.231306e-02
7.650000e+00,1.038159e+00,1.592911e+00,3.500584e+00,7.783884e-02
7.660000e+00,9.846657e-01,2.188507e-01,1.022822e+00,-2.282844e-01
7.670000e+00,9.496213e-01,-5.467025e-01,-1.929345e+00,-6.791945e-02
7.680000e+00,-1.611336e+00,-6.535474e+00,2.667572e+00,-1.007683e-01
7.690000e+00,-2.320955e+00,-1.319005e+00,1.992772e+00,7.498610e-02
7.700000e+00,6.918853e-01,7.375485e-01,1.240226e+00,4.422116e-02
7.710000e+00,-1.371461e+00,8.629990e-01,2.209619e-01,2.838249e-01
7.720000e+00,2.626867e-01,6.319067e-01,-2.257660e+00,1.934332e-01
7.730000e+00,-1.214499e+00,-2.246706e+00,5.055970e+00,1.423408e-01
7.740000e+00,-4.972222e-01,-2.031950e-01,2.717262e+00,-4.608290e-02
7.750000e+00,2.238466e+00,-1.524345e+00,3.572527e+00,-2.762370e-01
7.760000e+00,-1.279768e+00,2.523194e+00,1.030283e+00,5.412182e-02
7.770000e+00,-5.323382e+00,2.923322e+00,-8.567702e-01,-1.143036e-02
7.780000e+00,-8.125824e-01,1.859869e+00,2.500576e+00,-3.327072e-02
7.790000e+00,3.786756e-01,-2.855264e-01,-2.898758e+00,1.646369e-01
7.800000e+00,2.345818e+00,1.343714e+00,9.622373e-01,-3.099550e-01
7.810000e+00,-6.785601e-01,-1.856781e+00,-1.518181e+00,-5.490957e-02
7.820000e+00,-2.643727e-02,2.941867e+00,6.357317e-02,-2.118921e-01
7.830000e+00,1.101407e+00,1.621147e+00,1.398783e+00,-1.318466e-01
7.840000e+00,1.296739e+00,-8.116354e-01,1.958256e+00,3.617976e-02
7.850000e+00,2.300348e+00,1.325547e+00,-7.394292e-01,9.571161e-02
7.860000e+00,-1.856166e+00,-1.504044e-01,-6.235353e-01,-3.422427e-02
7.870000e+00,1.154459e+00,1.268791e+00,-5.282271e+00,-8.784026e-02
7.880000e+00,-1.217196e+00,-1.463937e+00,-3.096007e+00,1.606028e-01
7.890000e+00,2.216282e-01,5.131296e-01,4.346375e+00,4.235977e-02
7.900000e+00,2.739350e+00,-1.432542e+00,7.479590e-01,8.880370e-02
7.910000e+00,-1.059757e+00,-2.811067e+00,1.165829e+00,1.067891e-01
7.920000e+00,3.221429e+00,-1.441787e+00,-2.666576e+00,1.299241e-01
7.930000e+00,-8.594979e-02,-1.022769e+00,-8.545532e-01,2.531621e-01
7.940000e+00,-1.211032e+00,1.591658e+00,-4.243310e+00,7.114045e-02
7.950000e+00,1.439939e+00,-2.250532e+00,-3.364857e+00,6.674328e-02
7.960000e+00,-2.103435e+00,1.314401e+00,-3.234416e+00,3.289681e-02
7.970000e+00,-9.527047e-01,-1.929558e+00,-4.012451e+00,5.569631e-02
7.980000e+00,-7.253270e-01,2.217421e+00,-2.934784e+00,-5.941253e-03
7.990000e+00,-1.831345e+00,1.801518e-01,-2.627445e+00,-3.045145e-03
8.000000e+00,1.326912e+00,-3.048607e-01,-1.669021e+00,2.060780e-02
8.010000e+00,2.051029e+00,-2.527540e+00,2.574270e+00,-2.313972e-01
8.020000e+00,-1.381273e+00,-2.399241e+00,4.198366e+00,1.171719e-01
8.030000e+00,1.646032e+00,-4.650314e-01,-1.663544e+00,6.623843e-02
8.040000e+00,-2.153242e+00,2.667591e+00,6.139832e-01,2.763437e-02
8.050000e+00,1.168773e+00,1.213418e-01,-3.476011e-01,7.851637e-02
8.060000e+00,-1.798540e+00,-2.125415e+00,-2.477833e+00,-5.824432e-02
8.070000e+00,-1.809486e+00,1.869593e+00,-2.154597e+00,-1.003028e-01
8.080000e+00,2.189176e+00,-2.205861e-01,-3.953806e+00,5.668271e-02
8.090000e+00,-8.556454e-01,1.823567e+00,1.839955e+00,1.118271e-01
8.100000e+00,-2.460800e+00,-1.167136e+00,-6.545202e-02,5.404693e-02
8.110000e+00,1.010483e-01,3.968141e-01,2.258142e+00,-3.325601e-02
8.120000e+00,-2.092005e+00,-2.953878e+00,-1.575906e+00,-1.560616e-01
8.130000e+00,-3.870747e+00,-1.738039e+00,-8.567620e-01,8.886339e-02
8.140000e+00,-6.776828e-01,1.461837e+00,1.116926e+00,5.550695e-02
8.150000e+00,-3.654191e+00,1.118359e+00,-4.051928e-02,1.329909e-01
8.160000e+00,-3.323279e-01,2.513750e+00,3.021845e+00,4.961685e-02
8.170000e+00,-5.028773e+00,1.061877e+00,-1.827666e+00,-4.138792e-02
8.180000e+00,-1.613022e+00,3.763149e-01,3.123927e+00,4.464441e-02
8.190000e+00,-7.395628e-01,1.531103e+00,-6.993553e-01,1.986260e-02
8.200000e+00,-7.104736e-01,1.675838e+00,-3.055510e-01,-1.454272e-01
8.210000e+00,1.733014e-01,2.371457e+00,-9.481652e-01,-4.256617e-02
8.220000e+00,-2.531097e+00,3.321915e+00,-1.135896e+00,-6.599627e-02
8.230000e+00,2.969532e-01,1.587334e+00,3.532223e+00,-5.429414e-02
8.240000e+00,3.656089e-01,-3.248106e-01,-1.684057e+00,-3.014466e-02
8.250000e+00,-1.488133e+00,-2.788681e+00,2.695981e+00,-9.646895e-02
8.260000e+00,7.520201e+00,-1.392196e+00,-2.951107e-01,2.145136e-02
8.270000e+00,2.491967e+00,-1.724788e+00,-1.446500e-01,3.008783e-02
8.280000e+00,1.943879e+00,-1.183891e+00,3.086042e-01,-4.522454e-02
8.290000e+00,3.030816e-02,3.075685e+00,-1.553900e-01,-4.417445e-02
8.300000e+00,-3.912400e+00,-1.929548e+00,-2.788339e+00,1.832979e-01
8.310000e+00,-1.801831e+00,1.402985e+00,-2.098549e+00,1.377572e-01
8.320000e+00,-1.261033e+00,-3.118008e+00,9.132584e-01,-1.109975e-01
8.330000e+00,5.315144e-01,-6.343151e-01,-5.895560e-01,5.780003e-02
8.340000e+00,-1.695418e+00,-1.758310e-01,3.854329e-01,-5.056884e-02
8.350000e+00,4.641022e-01,-1.182189e+00,1.419296e+00,-4.072522e-02
8.360000e+00,1.695613e+00,2.127285e+00,3.111915e-01,-7.766429e-02
8.370000e+00,-6.734127e-01,-7.001622e-01,-9.132201e-01,-1.512400e-01
8.380000e+00,-2.671850e+00,2.600129e+00,-1.753401e-01,1.163450e-01
8.390000e+00,3.170273e-01,-1.400180e+00,2.859509e+00,-1.957118e-01
8.400000e+00,7.892001e-01,-2.494661e+00,1.416136e+00,-1.494659e-02
8.410000e+00,-2.981707e+00,1.273898e+00,1.686430e+00,1.994534e-02
8.420000e+00,2.525542e+00,3.977434e+00,1.900231e+00,-1.684668e-01
8.430000e+00,-8.490839e-02,2.809704e+00,2.007361e+00,8.185463e-02
8.440000e+00,-1.462552e+00,2.257378e+00,-1.614548e+00,1.697765e-02
8.450000e+00,-9.635720e-01,1.361889e+00,5.231517e+00,-2.065340e-02
8.460000e+00,1.932452e+00,3.535339e+00,-3.233870e-01,-5.402750e-02
8.470000e+00,2.000038e-03,2.883423e+00,8.680580e-02,-3.206401e-02
8.480000e+00,-2.665697e-01,-6.626533e-01,-3.160526e+00,6.192214e-02
8.490000e+00,-1.399105e+00,3.005693e-01,2.278271e+00,-1.906933e-01
8.500000e+00,6.371102e-01,-1.855352e+00,1.201051e+00,4.372453e-02
8.510000e+00,-2.169431e+00,-3.219612e-01,4.028019e-01,-1.455953e-01
8.520000e+00,4.287297e-01,1.663300e+00,1.298238e+00,-1.306886e-02
8.530000e+00,7.159387e+00,8.559073e-01,1.817864e+00,1.090573e-01
8.540000e+00,-1.513921e-01,-2.134161e+00,7.526569e-01,1.014988e-01
8.550000e+00,-1.306437e+00,2.629449e+00,-5.311569e+00,-9.139107e-02
8.560000e+00,1.690536e+00,2.109412e+00,-2.262553e-01,2.840864e-02
8.570000e+00,-1.525432e+00,2.467460e+00,-3.487818e-01,-1.300761e-01
8.580000e+00,-1.304160e+00,6.640727e-01,9.140460e-01,-9.336021e-03
8.590000e+00,-5.172557e-01,2.039370e+00,-6.317902e-01,1.249055e-01
8.600000e+00,-2.712251e-01,1.076507e+00,3.034212e-01,-1.885593e-01
8.610000e+00,4.617103e-01,1.156100e+00,2.026280e-01,1.721168e-01
8.620000e+00,1.047996e+00,-1.322400e-01,-3.670922e-01,7.051350e-02
8.630000e+00,2.151442e-01,-7.747873e-01,1.417498e+00,-1.348662e-01
8.640000e+00,-1.901314e+00,-2.868221e+00,1.781591e-01,1.758856e-01
8.650000e+00,-7.014727e-01,-2.577260e-01,1.842546e+00,6.288904e-02
8.660000e+00,-5.991929e-01,-1.362100e+00,-1.249063e+00,8.816451e-02
8.670000e+00,-6.313319e-01,-1.534202e+00,3.338049e+00,2.830541e-02
8.680000e+00,2.903064e+00,-7.548362e-01,-1.790662e+00,-6.454950e-03
8.690000e+00,5.003018e+00,8.684836e-01,-6.062152e-01,1.143758e-01
8.700000e+00,-1.275415e+00,-2.878490e+00,-3.116474e+00,-1.166821e-01
8.710000e+00,1.536971e-01,3.800455e-01,-1.358531e+00,-1.727381e-01
8.720000e+00,9.094095e-01,-6.737026e-01,2.656629e+00,-2.171312e-02
8.730000e+00,2.811951e+00,-3.634709e+00,9.935795e-01,-6.533232e-03
8.740000e+00,3.963268e-01,-5.135555e+00,-2.007490e+00,-1.020314e-01
8.750000e+00,-3.090265e-01,1.877252e+00,1.062501e+00,2.077865e-02
8.760000e+00,9.332419e-01,-9.226505e-01,-1.512597e+00,6.795977e-02
8.770000e+00,-2.797728e+00,1.390011e+00,-4.431807e+00,9.467031e-02
8.780000e+00,5.163588e-01,5.786697e-01,-1.137100e+00,1.295531e-01
8.790000e+00,-8.765082e-01,-1.158500e+00,4.177119e+00,-1.840480e-02
8.800000e+00,-3.563823e+00,1.722514e+00,4.521839e-01,-4.846781e-02
8.810000e+00,-1.290340e+00,1.718574e+00,-4.162184e+00,-1.588791e-02
8.820000e+00,-6.189815e-01,3.349536e-01,1.494462e+00,-4.323665e-02
8.830000e+00,-2.114701e-01,2.086012e+00,4.117657e+00,-1.029964e-02
8.840000e+00,-1.308201e+00,7.980398e-01,-8.766663e-02,1.000504e-01
8.850000e+00,1.419019e+00,1.553138e+00,-3.153279e-01,-1.059294e-02
8.860000e+00,3.377880e-01,-2.429384e+00,1.272940e+00,-1.990119e-03
8.870000e+00,-2.662329e+00,2.256539e+00,-1.747287e+00,-1.441051e-01
8.880000e+00,-2.848282e+00,-3.659287e+00,6.497952e-01,-9.368526e-02
8.890000e+00,1.755398e+00,-1.027087e+00,5.365968e+00,1.941461e-01
8.900000e+00,1.337019e+00,1.283599e+00,-1.847452e+00,-4.692660e-02
8.910000e+00,-1.675341e+00,-9.664464e-01,1.570261e-01,-2.263165e-01
8.920000e+00,-2.095531e+00,9.778437e-01,8.780413e-01,-2.610439e-02
8.930000e+00,-5.358038e-01,1.189433e+00,9.394345e-01,-1.239454e-01
8.940000e+00,-2.641294e-01,-1.330892e+00,1.843503e+00,-7.526145e-02
8.950000e+00,1.349665e-01,1.642306e+00,-4.366040e-01,4.403223e-02
8.960000e+00,3.152215e+00,5.590693e-01,-1.570740e+00,1.387516e-01
8.970000e+00,3.003268e+00,9.028270e-02,-1.328955e-01,1.168892e-01
8.980000e+00,-1.530136e+00,1.950467e+00,-4.067927e+00,-1.713426e-01
8.990000e+00,1.619082e+00,-3.798003e-01,-4.600316e-01,1.740392e-01
9.000000e+00,1.898656e+00,-2.131509e+00,4.686755e+00,-1.677000e-01
9.010000e+00,1.833101e+00,1.276731e+00,-1.185273e+00,1.705816e-01
9.020000e+00,1.324545e+00,1.548160e+00,7.787195e-01,-9.062534e-02
9.030000e+00,9.552606e-01,-1.661505e+00,1.086910e+00,-2.672975e-02
9.040000e+00,-7.165795e-01,3.055924e+00,8.566274e-01,2.672449e-01
9.050000e+00,-1.363227e+00,-2.351166e+00,1.652898e-01,6.093350e-02
9.060000e+00,5.901274e-01,-1.812232e+00,-1.361245e+00,1.863286e-01
9.070000e+00,1.335710e+00,1.125842e+00,7.688029e-01,2.554716e-02
9.080000e+00,1.387009e+00,-4.550902e+00,5.358230e-01,2.431900e-01
9.090000e+00,-3.131914e+00,-2.789572e+00,3.670935e-01,2.312785e-02
9.100000e+00,-9.418386e-01,-8.096070e-01,1.308699e+00,-3.550908e-02
9.110000e+00,9.776361e-01,2.472692e+00,-3.574199e-01,-2.148189e-01
9.120000e+00,-9.393124e-03,2.913547e+00,-2.504279e+00,1.318344e-01
9.130000e+00,-7.616432e-01,-1.746817e+00,-1.617732e+00,4.869404e-02
9.140000e+00,-4.877053e-01,-1.415485e+00,1.497527e+00,-2.611776e-02
9.150000e+00,-1.871496e+00,7.976657e-01,2.205796e+00,1.688481e-01
9.160000e+00,2.249759e+00,2.024649e+00,-1.335066e+00,1.711563e-01
9.170000e+00,-5.240149e-01,5.395714e+00,-2.835250e+00,-1.003241e-01
9.180000e+00,-2.295642e+00,7.076591e-01,-2.169439e+00,-3.085533e-02
9.190000e+00,3.254573e-01,1.696037e+00,2.165447e+00,-1.322355e-01
9.200000e+00,-2.040426e+00,-8.955521e-01,1.967778e+00,9.342858e-02
9.210000e+00,4.459153e-01,-2.076863e+00,1.686447e+00,-2.862068e-02
9.220000e+00,-4.210015e-01,2.774769e-01,2.085273e+00,3.377509e-02
9.230000e+00,1.842903e+00,5.547867e-01,-6.123283e-02,-4.631364e-02
9.240000e+00,-2.881817e+00,-1.690362e+00,3.386358e-01,9.181355e-02
9.250000e+00,-2.457964e-01,2.463615e+00,1.541480e+00,2.327619e-02
9.260000e+00,5.092513e-01,2.981479e+00,1.977403e+00,3.680461e-02
9.270000e+00,-1.645440e+00,8.454328e-01,5.467683e+00,1.312615e-01
9.280000e+00,-1.186960e-02,2.896281e+00,-2.064825e+00,-1.719233e-02
9.290000e+00,1.148307e+00,-1.117414e+00,2.407639e-01,-2.277750e-01
9.300000e+00,-2.413209e+00,-2.820783e+00,9.427988e-01,9.191091e-02
9.310000e+00,1.076700e+00,-2.707491e+00,-2.480503e+00,4.575400e-02
9.320000e+00,2.853751e+00,8.537176e-01,-3.181008e+00,5.081425e-02
9.330000e+00,7.596840e-02,-7.268978e-01,3.492571e-01,5.253817e-02
9.340000e+00,-3.789908e+00,9.360516e-01,-1.512556e+00,8.164646e-02
9.350000e+00,-7.862054e-01,2.268980e+00,-2.691308e-04,1.208734e-01
9.360000e+00,3.514757e+00,1.136192e+00,-2.045304e+00,9.711900e-03
9.370000e+00,-1.567519e+00,1.269882e+00,-2.092005e-01,-6.998114e-02
9.380000e+00,2.158521e+00,-3.564145e+00,2.171175e-01,1.276441e-01
9.390000e+00,-7.469516e-01,-1.103269e+00,-4.757761e+00,-4.485718e-02
9.400000e+00,-1.685848e+00,-4.706012e-01,1.626881e+00,-9.139232e-02
9.410000e+00,1.156547e-01,3.244533e+00,-4.323347e+00,8.830411e-02
9.420000e+00,-6.946441e-01,3.962495e-01,5.475520e-01,9.791240e-02
9.430000e+00,1.668698e+00,-3.304626e+00,4.650110e-02,-5.037964e-02
9.440000e+00,-6.848606e-01,3.451649e+00,4.971757e-01,1.098563e-01
9.450000e+00,-2.991118e+00,1.039704e+00,3.270100e+00,3.041214e-02
9.460000e+00,-8.782621e-01,3.273860e-02,-3.305881e+00,1.888671e-01
9.470000e+00,-2.504048e+00,-1.015037e+00,-1.474644e+00,2.764935e-05
9.480000e+00,3.279616e+00,2.542482e+00,-1.635976e+00,-3.374744e-03
9.490000e+00,1.434074e+00,-1.773398e+00,3.327873e+00,6.549694e-03
9.500000e+00,1.169475e+00,4.602187e+00,2.824018e+00,2.207164e-01
9.510000e+00,2.223060e+00,-3.821928e-01,1.518522e+00,-4.891725e-02
9.520000e+00,1.094187e-01,-2.040309e+00,-3.341845e+00,-2.422219e-02
9.530000e+00,-7.847091e-01,-2.841831e+00,-9.882969e-01,3.145247e-02
9.540000e+00,-4.415423e+00,-6.576415e-01,1.127890e+00,4.872575e-02
9.550000e+00,2.857873e+00,1.014933e-01,7.567881e-01,-1.101771e-01
9.560000e+00,-8.627394e-01,-8.011938e-01,-1.393839e+00,-5.374937e-02
9.570000e+00,9.228475e-01,-1.495403e+00,3.236783e+00,-1.622583e-01
9.580000e+00,-9.939780e-02,1.191627e+00,-1.238289e+00,-7.967404e-02
9.590000e+00,9.535710e-01,-1.623645e+00,8.314140e-01,-1.619131e-02
9.600000e+00,-4.650448e-01,5.798443e-01,4.293370e+00,-5.742502e-02
9.610000e+00,-1.426104e+00,-5.580355e-01,3.722666e+00,-2.203487e-01
9.620000e+00,1.438026e+00,1.332229e+00,-4.211502e-01,-2.473174e-02
9.630000e+00,2.999766e+00,-3.273874e+00,1.621802e+00,-1.181876e-01
9.640000e+00,-2.642733e+00,2.015776e+00,3.611932e+00,-1.032626e-01
9.650000e+00,3.562257e+00,-2.164201e+00,-2.041500e+00,1.614954e-03
9.660000e+00,3.964757e+00,-1.787809e+00,2.069680e+00,-2.328690e-02
9.670000e+00,1.565779e+00,2.126104e+00,4.008519e+00,-1.109180e-02
9.680000e+00,2.052228e+00,3.622607e+00,2.166415e+00,1.485794e-02
9.690000e+00,-1.883383e+00,-8.845360e-01,2.658162e+00,1.649575e-02
9.700000e+00,1.548741e+00,4.442908e-01,3.002212e-03,-5.889296e-02
9.710000e+00,8.274732e-01,-2.515487e+00,-2.758179e+00,1.077404e-01
9.720000e+00,2.748521e+00,-3.382298e+00,-1.559502e+00,1.991999e-01
9.730000e+00,2.326253e+00,2.465861e+00,3.327508e+00,-1.303936e-01
9.740000e+00,-4.103796e-02,1.572921e+00,1.547377e-01,-1.230242e-01
9.750000e+00,1.231190e+00,-7.289025e-02,1.777519e+00,-1.929887e-02
9.760000e+00,1.522480e+00,-1.087182e+00,-2.179544e+00,-2.164656e-01
9.770000e+00,-1.818014e+00,-2.608957e+00,-3.811050e+00,-5.767236e-02
9.780000e+00,1.659519e+00,-1.170101e+00,-4.403940e+00,-2.282276e-01
9.790000e+00,-3.077569e-01,3.139016e+00,5.995206e-01,-9.408907e-02
9.800000e+00,1.439714e-01,-5.038853e-01,-4.575981e+00,-1.319483e-01
9.810000e+00,1.957987e+00,1.195844e+00,3.055919e+00,2.589816e-02
9.820000e+00,1.039748e+00,1.980313e-01,2.447708e+00,-3.897525e-02
9.830000e+00,2.684781e+00,-2.805131e+00,6.466313e-01,3.379133e-02
9.840000e+00,-1.301715e+00,-3.593837e+00,2.198815e+00,7.901165e-02
9.850000e+00,-1.112574e+00,2.206470e+00,-2.245710e-01,9.250638e-02
9.860000e+00,-7.350334e-01,4.674005e-01,-3.855078e+00,-1.187141e-01
9.870000e+00,-4.012067e-01,5.978919e+00,-2.649348e-01,1.168522e-01
9.880000e+00,3.442427e-01,-3.147452e-01,-1.423966e+00,-2.410042e-02
9.890000e+00,-1.484309e+00,1.367080e+00,2.656521e+00,1.293736e-01
9.900000e+00,4.822559e+00,3.082730e-01,7.310388e-01,1.078713e-01
9.910000e+00,8.982618e-01,-1.360983e+00,8.682671e-01,-4.586273e-02
9.920000e+00,3.385073e+00,-1.714842e+00,-7.865406e-01,1.825220e-01
9.930000e+00,-1.367304e+00,-2.112996e+00,-1.877990e+00,1.146064e-01
9.940000e+00,-2.001782e+00,2.125934e+00,5.886831e-01,2.826080e-02
9.950000e+00,-2.180723e+00,-1.172437e+00,-9.203952e-01,-4.324100e-02
9.960000e+00,1.162634e+00,-2.035454e+00,2.924293e+00,3.139554e-02
9.970000e+00,1.022430e+00,-3.673908e-01,-7.715500e-01,1.636398e-01
9.980000e+00,-1.742375e+00,-1.421785e+00,-1.670453e+00,-7.953112e-02
9.990000e+00,-4.118244e+00,-2.385102e-01,-4.586922e-01,-9.309405e-02
1.000000e+01,-2.859370e+00,-3.922724e+00,2.272140e+00,3.430003e-02
